20
0 999999999 8 6 9 999999999 15 12 999999999 4 13 999999999 999999999 2 2 4 18 999999999 7 999999999 
11 0 10 2 6 1 20 15 14 999999999 18 11 9 999999999 9 999999999 11 17 3 9 
14 10 0 19 999999999 12 999999999 999999999 14 999999999 3 20 999999999 999999999 11 11 17 20 3 20 
2 19 11 0 999999999 999999999 7 14 11 20 8 7 13 4 999999999 999999999 999999999 17 17 5 
15 9 16 10 0 1 3 7 16 999999999 9 19 13 7 2 17 14 8 6 12 
7 999999999 999999999 3 20 0 14 5 1 7 19 18 4 6 8 999999999 999999999 999999999 999999999 20 
4 999999999 999999999 999999999 18 17 0 999999999 999999999 12 11 13 15 999999999 7 999999999 6 999999999 20 9 
15 999999999 12 12 999999999 999999999 999999999 0 999999999 12 999999999 7 15 9 15 14 13 11 3 17 
999999999 15 18 7 999999999 999999999 999999999 10 0 10 999999999 20 2 14 1 10 17 13 18 12 
20 10 19 999999999 999999999 2 999999999 999999999 15 0 999999999 999999999 13 2 5 999999999 17 5 14 999999999 
999999999 16 5 1 999999999 999999999 20 3 13 2 0 11 999999999 15 999999999 2 1 7 13 999999999 
20 7 999999999 2 17 13 13 999999999 17 15 16 0 14 4 11 2 6 1 10 16 
10 999999999 1 999999999 20 11 5 13 999999999 6 4 999999999 0 15 10 15 999999999 13 6 999999999 
9 14 12 999999999 18 16 3 12 999999999 13 15 8 999999999 0 4 999999999 16 18 12 17 
999999999 5 14 10 999999999 10 999999999 11 19 11 4 14 999999999 10 0 999999999 2 999999999 18 999999999 
8 15 13 15 10 7 15 9 18 14 18 6 20 999999999 17 0 999999999 10 999999999 16 
12 19 17 19 7 5 5 16 999999999 15 6 11 15 7 999999999 999999999 0 15 2 4 
999999999 17 20 20 20 999999999 10 999999999 17 999999999 3 7 999999999 6 3 5 19 0 12 7 
4 999999999 9 10 999999999 999999999 13 6 999999999 17 7 11 8 16 7 999999999 12 2 0 19 
16 15 999999999 999999999 12 16 13 999999999 999999999 4 12 999999999 16 999999999 12 17 2 9 6 0 
