40
0 999999999 9 33 31 19 999999999 2 39 23 17 22 24 999999999 17 19 32 21 8 17 999999999 999999999 15 11 999999999 14 5 11 8 34 25 999999999 999999999 999999999 35 23 10 999999999 34 11 
999999999 0 3 999999999 2 29 15 32 24 999999999 999999999 1 34 6 14 31 36 10 1 19 32 999999999 34 999999999 23 5 11 21 38 23 32 5 17 30 8 24 16 11 21 999999999 
37 36 0 34 1 3 999999999 31 24 4 36 35 3 23 999999999 14 38 23 40 9 26 3 999999999 23 999999999 38 999999999 7 13 3 6 23 36 999999999 28 26 2 999999999 22 999999999 
14 999999999 22 0 3 18 15 22 23 16 9 999999999 26 999999999 22 21 31 11 39 38 999999999 999999999 999999999 999999999 12 999999999 2 999999999 33 6 3 999999999 999999999 999999999 28 34 1 999999999 15 999999999 
11 999999999 2 999999999 0 17 2 999999999 36 27 13 7 23 16 4 999999999 1 35 25 999999999 16 15 24 999999999 999999999 32 2 20 28 19 999999999 30 999999999 999999999 23 999999999 23 25 999999999 7 
19 14 999999999 999999999 30 0 4 38 14 9 37 999999999 999999999 999999999 999999999 999999999 6 999999999 39 13 999999999 7 999999999 999999999 14 999999999 999999999 34 999999999 6 18 32 999999999 4 40 36 3 24 39 33 
38 18 28 36 999999999 999999999 0 9 999999999 6 999999999 15 32 23 2 26 22 35 23 37 999999999 999999999 999999999 35 40 8 28 31 6 10 27 2 6 6 999999999 4 999999999 19 26 12 
29 999999999 23 27 999999999 18 21 0 999999999 38 999999999 4 23 4 999999999 7 16 40 25 999999999 2 23 999999999 999999999 999999999 4 5 999999999 33 25 24 39 38 999999999 10 999999999 20 2 999999999 999999999 
999999999 1 25 29 27 23 32 33 0 5 40 8 999999999 999999999 12 11 37 34 24 999999999 32 24 15 6 999999999 36 13 40 999999999 35 14 18 21 999999999 24 39 999999999 30 999999999 32 
36 40 38 24 999999999 14 999999999 30 5 0 6 999999999 11 5 999999999 19 18 10 21 9 39 35 17 999999999 999999999 999999999 999999999 24 9 32 38 23 37 34 999999999 14 22 34 999999999 999999999 
16 9 999999999 10 999999999 31 32 32 13 19 0 40 32 999999999 39 35 37 40 27 5 19 19 999999999 13 38 29 23 999999999 999999999 7 29 1 8 35 4 32 16 24 16 999999999 
37 16 29 999999999 27 999999999 19 999999999 18 1 11 0 35 15 17 37 13 18 12 20 7 10 14 39 4 999999999 17 5 13 24 24 9 999999999 28 37 11 999999999 999999999 5 19 
34 37 18 999999999 32 23 13 18 999999999 30 36 2 0 20 22 5 7 40 999999999 24 30 9 22 26 11 35 34 16 22 999999999 22 26 4 999999999 7 40 999999999 999999999 24 6 
999999999 999999999 29 25 38 33 13 3 24 999999999 12 32 999999999 0 35 20 31 28 9 24 29 999999999 999999999 23 30 11 999999999 999999999 5 14 40 999999999 8 999999999 12 30 23 12 22 34 
10 29 999999999 25 3 7 33 13 999999999 10 999999999 32 999999999 40 0 25 22 17 25 1 999999999 31 17 999999999 23 999999999 3 37 13 999999999 39 21 999999999 23 8 27 6 999999999 20 999999999 
999999999 30 999999999 11 999999999 18 28 36 33 999999999 25 14 15 999999999 16 0 999999999 999999999 33 25 3 999999999 5 34 22 999999999 28 999999999 999999999 36 40 23 36 999999999 999999999 12 999999999 16 35 999999999 
25 6 11 27 13 36 36 7 3 16 6 37 7 23 20 7 0 999999999 2 6 999999999 8 999999999 4 39 38 14 1 999999999 999999999 999999999 18 32 999999999 18 9 999999999 999999999 999999999 999999999 
38 25 999999999 29 999999999 28 999999999 39 999999999 36 26 999999999 31 38 16 5 3 0 999999999 10 999999999 26 3 17 34 37 999999999 19 12 9 32 23 33 14 5 4 21 999999999 32 7 
12 17 19 999999999 34 8 999999999 15 25 8 999999999 999999999 36 38 7 999999999 5 28 0 11 16 999999999 999999999 25 999999999 20 38 36 999999999 13 21 999999999 999999999 6 999999999 13 999999999 999999999 37 22 
3 20 29 16 30 18 17 4 999999999 999999999 999999999 13 18 25 999999999 999999999 999999999 13 15 0 21 35 999999999 38 7 27 40 999999999 23 6 20 999999999 26 21 26 18 11 25 999999999 999999999 
999999999 30 3 999999999 28 7 24 13 33 28 999999999 23 29 11 19 27 25 20 6 19 0 999999999 999999999 16 999999999 27 999999999 14 23 23 7 32 20 999999999 30 7 999999999 32 7 15 
999999999 33 29 18 3 37 40 14 999999999 3 999999999 25 999999999 19 20 36 999999999 12 999999999 10 18 0 11 999999999 4 30 5 3 15 15 4 8 22 38 10 23 16 20 17 23 
23 999999999 15 999999999 38 999999999 999999999 26 1 34 34 35 35 15 32 26 999999999 28 22 22 5 999999999 0 25 999999999 1 1 11 999999999 9 999999999 11 31 17 2 19 2 11 7 9 
36 999999999 999999999 999999999 9 37 18 8 39 999999999 40 999999999 999999999 31 19 7 38 3 34 14 5 8 17 0 999999999 999999999 999999999 20 28 999999999 29 999999999 999999999 4 14 10 16 999999999 999999999 999999999 
7 19 999999999 28 999999999 999999999 14 28 999999999 24 27 12 999999999 18 23 38 33 13 999999999 25 999999999 11 20 25 0 22 33 2 25 999999999 19 32 999999999 999999999 999999999 18 999999999 32 32 999999999 
999999999 999999999 999999999 35 26 13 24 999999999 37 2 999999999 13 999999999 30 999999999 17 20 38 24 32 20 999999999 28 10 999999999 0 7 29 39 38 999999999 33 999999999 999999999 22 999999999 12 2 37 17 
8 34 30 6 25 999999999 10 38 38 3 999999999 9 2 7 7 15 18 32 999999999 22 999999999 15 999999999 999999999 37 4 0 25 2 999999999 999999999 40 37 12 38 32 34 36 4 999999999 
9 17 999999999 31 999999999 35 999999999 31 27 16 33 9 38 35 35 10 27 999999999 31 7 999999999 27 999999999 6 999999999 999999999 4 0 999999999 999999999 13 999999999 4 25 31 999999999 21 999999999 2 21 
3 23 35 40 999999999 999999999 999999999 27 999999999 999999999 19 15 999999999 10 6 19 16 11 18 36 27 999999999 8 37 9 25 1 10 0 37 23 10 999999999 30 2 16 10 20 30 999999999 
15 999999999 999999999 30 38 22 11 999999999 999999999 999999999 19 26 40 999999999 26 999999999 34 30 10 33 29 18 20 999999999 40 11 999999999 10 15 0 20 22 999999999 1 999999999 999999999 999999999 26 5 999999999 
999999999 999999999 19 39 999999999 12 20 17 19 999999999 5 34 32 16 11 999999999 22 17 9 999999999 20 999999999 999999999 999999999 34 12 999999999 12 38 999999999 0 999999999 999999999 30 999999999 999999999 999999999 5 999999999 20 
999999999 16 4 24 999999999 14 21 34 11 7 6 26 11 4 35 999999999 13 7 37 38 21 16 999999999 39 999999999 18 32 999999999 2 11 13 0 27 18 16 19 5 35 17 20 
16 34 11 1 999999999 34 999999999 40 33 3 999999999 3 999999999 20 18 31 999999999 5 21 23 999999999 999999999 6 2 26 999999999 6 5 999999999 999999999 39 4 0 1 34 4 20 8 999999999 32 
15 16 36 24 7 23 11 999999999 31 29 28 12 8 999999999 37 11 16 999999999 34 999999999 24 37 23 29 999999999 4 6 7 999999999 21 20 999999999 9 0 14 999999999 16 999999999 18 999999999 
4 4 999999999 999999999 999999999 3 31 26 4 23 16 35 24 36 37 999999999 13 31 999999999 14 20 6 999999999 10 9 38 12 4 999999999 27 38 29 9 999999999 0 999999999 999999999 15 999999999 11 
2 20 13 17 36 1 14 34 35 1 33 35 999999999 35 15 15 999999999 8 13 37 40 34 999999999 17 27 37 26 31 999999999 36 999999999 10 36 16 15 0 4 10 2 999999999 
999999999 999999999 999999999 25 1 18 34 999999999 4 999999999 11 999999999 16 999999999 999999999 3 999999999 30 34 13 999999999 31 999999999 999999999 999999999 16 999999999 36 18 999999999 33 21 2 10 29 32 0 999999999 999999999 33 
999999999 39 36 18 15 999999999 5 9 24 999999999 5 39 27 999999999 31 36 999999999 18 999999999 31 999999999 999999999 24 10 999999999 36 29 9 999999999 999999999 999999999 33 30 14 1 12 27 0 999999999 999999999 
25 8 999999999 19 38 999999999 22 999999999 8 23 999999999 16 36 28 999999999 999999999 31 999999999 10 999999999 999999999 999999999 999999999 36 17 28 999999999 2 23 20 999999999 6 999999999 999999999 8 10 999999999 17 0 2 
999999999 30 999999999 26 37 25 10 37 16 999999999 999999999 5 11 37 5 3 40 13 999999999 999999999 999999999 39 999999999 30 27 4 23 1 8 22 28 15 7 31 28 999999999 10 36 13 0 
