60
0 52 55 999999999 999999999 2 999999999 11 46 999999999 12 8 11 35 42 19 6 999999999 5 999999999 41 999999999 999999999 52 21 28 20 34 999999999 999999999 43 999999999 38 52 9 38 36 49 1 32 31 9 59 59 39 38 56 999999999 999999999 50 15 999999999 35 15 52 999999999 16 27 16 999999999 
999999999 0 999999999 5 53 50 10 999999999 999999999 30 20 41 56 7 6 999999999 24 999999999 31 1 999999999 19 19 999999999 999999999 10 32 25 21 9 19 13 48 60 24 57 20 3 999999999 999999999 31 31 28 53 19 36 54 999999999 50 50 48 10 999999999 11 17 12 59 999999999 54 7 
57 13 0 30 25 999999999 8 999999999 8 999999999 55 15 45 59 58 9 21 34 7 52 999999999 24 999999999 1 999999999 39 999999999 7 60 48 5 53 999999999 8 999999999 999999999 56 48 17 999999999 11 44 999999999 38 999999999 999999999 999999999 999999999 5 22 2 20 17 42 999999999 31 5 45 37 29 
43 46 59 0 48 999999999 3 39 9 20 999999999 33 17 50 999999999 15 7 44 999999999 1 29 8 27 32 44 26 44 999999999 50 37 29 17 1 10 45 12 6 26 999999999 999999999 12 51 30 57 999999999 59 999999999 999999999 28 55 36 999999999 45 999999999 16 13 37 23 26 999999999 
999999999 37 19 54 0 25 23 6 999999999 39 20 999999999 30 999999999 36 999999999 43 999999999 8 29 20 999999999 999999999 51 13 16 14 999999999 1 21 999999999 28 18 43 48 18 20 60 56 2 9 59 17 50 33 999999999 999999999 999999999 46 46 39 29 11 4 999999999 54 999999999 34 999999999 33 
60 21 999999999 999999999 999999999 0 13 999999999 16 19 25 999999999 58 999999999 999999999 33 6 9 36 999999999 999999999 18 25 999999999 999999999 2 999999999 50 999999999 999999999 56 999999999 36 60 999999999 49 999999999 14 6 999999999 13 7 4 52 28 2 999999999 22 11 18 999999999 18 45 29 59 999999999 3 59 36 999999999 
36 53 19 42 51 999999999 0 58 7 34 27 21 19 33 53 8 999999999 999999999 40 999999999 17 999999999 999999999 36 999999999 999999999 27 999999999 999999999 999999999 999999999 999999999 40 999999999 47 35 10 999999999 60 5 999999999 32 999999999 17 46 5 27 43 58 37 999999999 15 999999999 999999999 57 999999999 13 23 34 58 
1 999999999 60 33 20 43 999999999 0 48 999999999 28 29 999999999 999999999 52 999999999 999999999 12 8 52 49 10 999999999 999999999 20 999999999 46 999999999 53 999999999 23 999999999 29 48 48 999999999 44 29 50 26 6 35 8 999999999 999999999 56 12 25 6 25 56 999999999 10 50 32 25 47 22 999999999 52 
8 29 25 23 999999999 999999999 42 999999999 0 999999999 999999999 57 36 13 999999999 33 45 20 32 48 15 999999999 999999999 54 57 999999999 999999999 999999999 25 999999999 11 999999999 18 15 48 999999999 999999999 4 36 999999999 999999999 15 999999999 999999999 18 18 4 999999999 8 36 999999999 20 36 46 59 999999999 41 999999999 999999999 45 
999999999 15 8 3 999999999 999999999 999999999 2 58 0 47 11 11 1 35 57 999999999 52 12 2 999999999 999999999 999999999 999999999 24 30 13 18 37 16 34 55 999999999 999999999 54 59 9 32 999999999 999999999 40 49 56 23 999999999 999999999 999999999 42 3 999999999 7 47 60 999999999 6 7 45 52 999999999 17 
44 43 999999999 38 999999999 14 999999999 15 26 48 0 39 28 999999999 38 47 4 31 33 47 57 16 2 54 6 25 14 57 10 27 999999999 999999999 57 999999999 18 999999999 999999999 40 25 9 20 999999999 999999999 999999999 999999999 41 999999999 57 33 52 999999999 999999999 50 31 37 2 31 999999999 50 55 
999999999 48 18 999999999 12 53 13 999999999 24 999999999 49 0 6 42 999999999 58 43 999999999 999999999 7 2 999999999 46 21 55 55 58 4 22 54 25 34 60 999999999 999999999 18 22 35 18 33 59 58 22 52 999999999 48 52 52 999999999 16 49 59 999999999 999999999 40 999999999 999999999 44 54 999999999 
22 35 9 999999999 999999999 28 36 11 20 9 999999999 49 0 999999999 15 54 55 37 15 999999999 21 60 999999999 999999999 19 41 16 999999999 23 25 58 999999999 18 999999999 31 20 45 9 51 29 999999999 31 999999999 999999999 999999999 49 999999999 999999999 999999999 999999999 999999999 57 32 54 999999999 999999999 41 35 56 33 
999999999 999999999 2 40 55 6 46 999999999 999999999 46 34 999999999 14 0 41 999999999 999999999 9 23 999999999 58 17 9 999999999 999999999 46 13 999999999 19 35 999999999 21 59 43 36 25 44 19 51 5 24 31 15 12 999999999 38 29 7 999999999 5 999999999 22 35 18 20 6 999999999 32 7 42 
18 54 35 20 20 56 30 2 29 999999999 18 52 34 999999999 0 999999999 999999999 15 34 29 18 51 32 30 13 27 33 48 27 3 24 999999999 56 999999999 999999999 23 33 53 4 7 50 26 5 31 9 999999999 25 999999999 44 46 45 27 4 11 31 17 999999999 5 999999999 999999999 
45 12 999999999 8 39 42 38 999999999 44 37 16 31 14 10 48 0 42 999999999 16 37 999999999 22 34 42 39 34 44 16 25 23 999999999 32 999999999 58 24 999999999 999999999 999999999 60 30 23 56 999999999 999999999 26 37 56 30 38 46 3 999999999 39 30 999999999 20 17 12 60 17 
14 22 35 42 41 53 3 13 47 33 999999999 14 999999999 39 47 999999999 0 19 39 7 999999999 999999999 24 59 58 43 999999999 999999999 1 999999999 48 8 3 43 16 55 999999999 10 3 999999999 15 999999999 15 29 58 7 999999999 999999999 999999999 26 999999999 999999999 42 37 46 36 49 20 999999999 44 
999999999 30 27 8 6 57 41 999999999 999999999 999999999 58 58 999999999 19 999999999 10 39 0 49 56 999999999 23 34 999999999 15 999999999 999999999 999999999 52 999999999 26 54 11 999999999 37 22 999999999 41 30 37 999999999 20 999999999 49 46 22 28 45 10 33 999999999 40 999999999 999999999 18 55 6 55 49 7 
28 999999999 7 5 42 46 999999999 999999999 8 2 999999999 41 5 10 999999999 999999999 999999999 999999999 0 999999999 40 29 999999999 999999999 999999999 999999999 40 53 51 40 999999999 999999999 44 60 34 999999999 999999999 53 999999999 999999999 59 45 44 22 6 999999999 28 59 31 14 999999999 999999999 999999999 54 54 52 999999999 56 13 40 
54 999999999 999999999 40 29 20 20 11 999999999 999999999 15 13 34 999999999 23 50 38 59 27 0 999999999 999999999 999999999 1 45 999999999 16 999999999 13 59 999999999 43 6 3 35 999999999 38 5 56 3 15 999999999 21 46 57 40 7 22 42 45 999999999 6 20 8 999999999 4 30 999999999 11 999999999 
999999999 999999999 38 44 7 51 29 999999999 25 1 37 13 999999999 46 45 999999999 49 57 999999999 2 0 15 999999999 5 11 33 999999999 999999999 999999999 44 3 6 999999999 60 55 15 31 999999999 4 25 17 35 999999999 37 43 42 16 999999999 56 999999999 47 999999999 23 53 999999999 43 9 999999999 46 5 
40 999999999 43 8 9 999999999 999999999 999999999 4 999999999 6 38 999999999 49 999999999 35 9 999999999 31 29 17 0 38 999999999 999999999 18 25 56 999999999 26 55 5 53 999999999 33 33 999999999 44 2 30 27 999999999 999999999 14 51 28 59 46 54 47 1 6 1 29 23 999999999 999999999 999999999 58 12 
999999999 999999999 21 29 49 16 999999999 41 999999999 19 44 21 999999999 999999999 39 30 999999999 43 51 3 23 999999999 0 999999999 53 999999999 999999999 17 999999999 57 43 16 999999999 52 12 26 3 31 55 24 999999999 25 999999999 18 999999999 50 999999999 999999999 37 38 57 30 35 55 3 999999999 59 999999999 999999999 57 
999999999 999999999 15 1 39 18 30 5 28 42 26 13 999999999 43 999999999 46 999999999 999999999 29 8 999999999 999999999 31 0 15 2 999999999 35 999999999 999999999 13 28 53 25 999999999 45 999999999 999999999 999999999 2 32 999999999 3 999999999 999999999 5 59 50 999999999 999999999 999999999 999999999 16 8 13 31 999999999 49 44 19 
999999999 999999999 46 52 999999999 999999999 999999999 53 999999999 4 49 999999999 999999999 10 41 44 33 999999999 39 36 47 4 12 54 0 8 30 41 44 999999999 999999999 8 999999999 999999999 57 999999999 51 24 52 44 999999999 999999999 999999999 53 999999999 12 25 50 54 12 32 27 55 999999999 52 56 999999999 999999999 999999999 999999999 
999999999 999999999 55 47 32 20 14 17 999999999 54 39 35 57 12 40 26 36 37 40 28 20 4 39 999999999 999999999 0 44 35 25 46 43 39 999999999 42 27 55 999999999 56 999999999 999999999 999999999 14 53 11 60 55 32 999999999 41 999999999 41 33 22 999999999 999999999 19 36 999999999 46 52 
54 999999999 999999999 37 5 40 6 33 999999999 7 12 55 42 6 14 25 15 999999999 18 5 999999999 10 999999999 30 999999999 29 0 999999999 8 999999999 999999999 43 60 999999999 7 37 34 52 38 60 4 14 8 46 999999999 52 44 999999999 38 999999999 44 999999999 57 45 999999999 13 8 999999999 58 54 
999999999 56 39 1 26 12 53 58 999999999 39 45 999999999 27 999999999 2 46 999999999 50 51 49 7 27 999999999 37 50 999999999 16 0 42 9 8 40 999999999 999999999 999999999 41 18 50 999999999 10 28 15 16 36 999999999 999999999 999999999 34 41 999999999 999999999 999999999 12 999999999 8 60 4 999999999 999999999 60 
22 25 37 35 999999999 24 31 12 999999999 45 25 52 999999999 48 999999999 7 999999999 7 44 999999999 26 999999999 13 999999999 7 49 19 37 0 58 60 18 999999999 26 10 26 39 26 999999999 22 11 999999999 58 60 26 44 52 38 38 39 999999999 999999999 24 14 34 38 23 4 40 26 
43 58 42 14 49 9 999999999 999999999 999999999 6 999999999 8 13 2 53 999999999 33 49 999999999 23 25 2 19 12 27 999999999 25 18 41 0 999999999 3 52 37 34 29 54 44 999999999 28 999999999 46 33 9 30 59 4 42 54 53 999999999 45 31 57 999999999 12 46 41 29 3 
12 1 51 999999999 47 999999999 48 30 52 57 32 45 23 999999999 22 999999999 1 28 3 999999999 48 999999999 3 52 50 19 59 38 999999999 37 0 32 29 27 36 999999999 25 53 999999999 10 999999999 999999999 40 11 41 4 999999999 37 999999999 999999999 5 7 999999999 14 7 47 60 5 54 24 
28 29 999999999 48 35 46 999999999 17 49 26 55 9 999999999 31 999999999 999999999 22 999999999 34 43 999999999 49 44 34 57 999999999 999999999 32 60 8 40 0 999999999 999999999 46 42 16 39 28 10 42 56 999999999 33 999999999 999999999 17 49 999999999 26 999999999 3 4 999999999 999999999 47 47 16 999999999 27 
999999999 7 46 25 39 999999999 12 999999999 999999999 8 6 999999999 47 999999999 17 24 12 11 999999999 999999999 60 999999999 12 999999999 40 49 42 22 999999999 45 6 999999999 0 999999999 999999999 999999999 28 27 26 999999999 47 37 8 12 34 27 999999999 39 30 30 38 5 2 24 999999999 19 999999999 33 10 58 
26 42 999999999 51 40 19 999999999 2 999999999 52 40 34 6 52 9 999999999 50 19 35 999999999 999999999 999999999 5 999999999 39 38 51 50 22 9 999999999 57 12 0 7 999999999 57 13 1 33 31 999999999 28 999999999 999999999 31 46 999999999 33 39 999999999 999999999 53 35 37 999999999 9 999999999 19 56 
52 999999999 999999999 29 28 999999999 999999999 13 4 10 12 16 999999999 46 7 57 15 999999999 999999999 999999999 999999999 999999999 49 59 29 53 1 18 9 41 59 999999999 8 48 0 999999999 19 999999999 11 999999999 5 999999999 5 999999999 17 999999999 9 999999999 10 32 38 999999999 43 17 999999999 999999999 19 999999999 56 4 
999999999 49 7 18 30 29 4 50 999999999 50 999999999 999999999 6 42 44 24 1 999999999 46 999999999 999999999 34 5 999999999 6 6 35 13 24 999999999 29 47 999999999 56 36 0 25 28 999999999 49 27 49 57 28 8 42 9 45 56 40 50 44 999999999 12 39 53 999999999 999999999 41 2 
24 39 20 19 51 999999999 999999999 14 54 48 6 10 32 14 999999999 41 8 22 35 48 43 40 12 22 10 45 33 999999999 13 999999999 30 999999999 38 50 50 44 0 999999999 999999999 57 57 26 44 57 37 31 999999999 31 14 44 30 53 37 39 999999999 14 37 6 999999999 55 
999999999 23 58 999999999 999999999 21 999999999 36 49 33 999999999 8 56 18 41 37 2 55 999999999 26 999999999 26 17 999999999 48 8 25 3 57 11 59 24 42 52 56 14 12 0 23 12 27 57 999999999 999999999 9 999999999 999999999 13 21 59 17 33 10 48 13 46 999999999 999999999 25 8 
55 21 40 10 999999999 48 51 19 999999999 54 999999999 6 999999999 56 6 15 44 60 19 52 16 23 5 55 12 28 999999999 19 34 999999999 26 41 34 53 999999999 51 999999999 999999999 0 41 6 44 1 54 25 999999999 999999999 57 56 999999999 58 16 999999999 999999999 999999999 48 999999999 24 999999999 9 
54 999999999 999999999 46 999999999 999999999 999999999 12 13 39 15 999999999 51 11 42 999999999 60 999999999 20 14 999999999 999999999 23 17 16 32 52 999999999 999999999 999999999 22 48 999999999 38 24 999999999 14 53 999999999 0 999999999 999999999 10 34 999999999 30 999999999 999999999 51 999999999 999999999 999999999 9 25 999999999 35 40 999999999 37 4 
999999999 25 6 5 999999999 999999999 54 11 57 999999999 34 999999999 54 2 999999999 14 28 31 13 9 55 999999999 999999999 11 42 999999999 999999999 999999999 49 999999999 29 22 9 21 48 44 999999999 3 21 999999999 0 10 19 24 46 999999999 30 58 34 6 38 57 23 36 57 55 999999999 15 6 48 
999999999 999999999 14 999999999 33 8 23 32 999999999 7 34 999999999 999999999 27 42 27 32 15 21 11 999999999 999999999 40 46 11 24 999999999 51 59 53 43 12 15 999999999 24 38 999999999 57 999999999 16 999999999 0 46 57 1 18 999999999 17 52 30 38 999999999 45 15 999999999 42 999999999 13 23 58 
14 14 55 1 9 17 10 7 24 59 4 59 35 54 27 55 43 7 999999999 999999999 29 50 999999999 27 20 26 999999999 12 999999999 17 999999999 999999999 26 7 22 21 15 8 999999999 25 28 999999999 0 999999999 999999999 50 15 53 21 51 37 999999999 33 56 46 32 39 49 16 16 
7 30 22 11 47 9 999999999 999999999 999999999 16 60 999999999 999999999 48 27 49 11 15 999999999 999999999 999999999 11 1 999999999 999999999 52 60 4 41 36 999999999 999999999 26 27 999999999 999999999 25 12 999999999 12 999999999 55 2 0 27 55 34 23 60 46 56 999999999 999999999 58 58 7 56 37 24 58 
46 17 13 21 18 40 999999999 5 23 52 18 999999999 41 46 999999999 49 45 58 999999999 999999999 18 999999999 999999999 15 7 49 999999999 35 52 999999999 999999999 29 14 35 15 21 42 19 45 30 999999999 999999999 37 999999999 0 999999999 33 53 56 27 40 999999999 999999999 47 23 22 10 18 29 44 
35 41 46 37 6 23 4 42 30 58 31 42 32 999999999 42 21 42 10 7 37 49 11 52 48 25 39 999999999 14 999999999 20 47 999999999 999999999 53 999999999 16 59 38 56 32 999999999 999999999 33 999999999 25 0 999999999 48 27 5 999999999 27 21 30 57 27 999999999 44 38 54 
999999999 999999999 999999999 25 999999999 48 59 2 10 55 999999999 34 19 3 999999999 999999999 999999999 999999999 27 19 999999999 34 51 999999999 999999999 999999999 1 9 2 8 4 999999999 39 39 5 37 39 40 34 999999999 37 999999999 1 15 44 47 0 14 999999999 43 19 999999999 5 999999999 45 7 999999999 52 36 31 
48 45 999999999 16 999999999 999999999 999999999 5 60 999999999 2 54 17 34 32 46 999999999 31 52 999999999 38 45 10 999999999 28 37 5 21 39 999999999 31 19 999999999 56 59 999999999 48 999999999 7 8 15 46 999999999 4 999999999 26 47 0 32 45 47 999999999 60 999999999 13 15 55 35 36 48 
18 14 999999999 3 999999999 55 33 52 2 24 12 999999999 18 7 32 24 29 56 40 32 3 999999999 999999999 32 999999999 3 22 50 31 31 38 47 38 34 54 33 20 22 999999999 999999999 18 52 999999999 50 999999999 999999999 4 21 0 46 36 999999999 58 31 5 999999999 19 999999999 999999999 39 
3 27 999999999 14 29 39 41 14 52 9 48 44 10 36 11 49 999999999 51 23 47 35 999999999 20 32 26 999999999 999999999 999999999 2 999999999 18 42 999999999 40 17 32 29 31 999999999 999999999 22 13 58 999999999 999999999 17 43 40 999999999 0 22 36 46 24 47 21 31 999999999 999999999 8 
999999999 24 20 6 2 999999999 25 999999999 22 38 999999999 27 2 999999999 32 60 18 7 999999999 35 53 999999999 999999999 57 53 29 999999999 43 999999999 19 35 48 999999999 53 5 3 55 999999999 11 14 24 3 26 9 23 43 18 999999999 999999999 1 0 60 49 33 999999999 999999999 999999999 12 17 5 
3 15 999999999 46 29 999999999 999999999 26 16 28 52 999999999 999999999 23 11 999999999 7 45 999999999 999999999 42 999999999 28 60 47 999999999 50 999999999 29 999999999 999999999 999999999 999999999 999999999 23 26 24 1 50 999999999 13 42 43 19 5 4 16 22 46 999999999 999999999 0 999999999 31 53 3 35 999999999 19 45 
46 57 44 999999999 999999999 999999999 5 12 999999999 999999999 999999999 999999999 11 13 33 34 999999999 25 35 8 11 50 999999999 6 47 999999999 16 9 999999999 60 28 999999999 3 999999999 999999999 7 999999999 20 999999999 999999999 999999999 999999999 58 999999999 28 999999999 999999999 12 999999999 50 999999999 43 0 39 19 1 22 8 15 16 
28 999999999 60 24 999999999 41 16 4 15 999999999 60 1 999999999 999999999 12 14 999999999 50 4 15 999999999 44 999999999 999999999 999999999 1 11 999999999 5 25 14 30 33 999999999 999999999 999999999 27 999999999 999999999 999999999 24 999999999 9 8 40 999999999 999999999 999999999 51 45 999999999 999999999 999999999 0 46 999999999 999999999 999999999 20 53 
42 2 3 999999999 999999999 999999999 14 999999999 999999999 39 24 999999999 999999999 999999999 999999999 53 41 999999999 999999999 999999999 999999999 999999999 11 36 999999999 8 999999999 7 34 56 21 999999999 4 47 40 21 999999999 999999999 999999999 999999999 36 36 12 13 17 13 2 41 15 52 999999999 999999999 999999999 999999999 0 28 60 30 24 25 
36 14 16 10 999999999 999999999 16 18 57 40 55 11 39 28 7 999999999 999999999 999999999 44 37 3 999999999 48 999999999 52 42 43 11 51 16 57 999999999 999999999 3 999999999 56 51 26 33 15 19 59 11 45 41 19 48 999999999 47 999999999 999999999 999999999 12 59 19 0 30 999999999 999999999 999999999 
29 999999999 40 999999999 999999999 37 999999999 999999999 999999999 55 20 57 999999999 57 45 999999999 999999999 18 999999999 22 999999999 25 5 999999999 54 6 999999999 30 20 33 43 46 999999999 31 999999999 50 999999999 29 31 9 49 26 28 999999999 999999999 8 14 36 999999999 999999999 4 51 53 11 47 9 0 50 25 21 
999999999 11 29 19 52 49 56 19 50 999999999 15 14 1 999999999 25 10 56 46 999999999 999999999 30 4 23 999999999 4 20 999999999 999999999 9 50 45 20 58 54 999999999 999999999 999999999 44 57 18 28 34 999999999 47 999999999 999999999 999999999 13 39 47 999999999 42 38 27 999999999 999999999 7 0 58 999999999 
999999999 42 999999999 999999999 999999999 45 59 999999999 999999999 21 10 33 6 38 39 999999999 60 37 15 25 1 999999999 15 999999999 7 999999999 23 999999999 999999999 27 999999999 46 5 47 999999999 26 1 999999999 999999999 28 999999999 11 9 16 999999999 34 40 23 54 17 999999999 15 37 56 999999999 56 999999999 29 0 2 
1 999999999 1 15 31 54 26 39 49 999999999 999999999 29 999999999 11 51 999999999 29 51 999999999 999999999 42 999999999 39 30 54 22 36 38 999999999 37 999999999 999999999 999999999 40 25 999999999 40 1 44 999999999 7 39 999999999 59 53 45 999999999 2 23 999999999 999999999 36 34 4 10 18 999999999 36 999999999 0 
