90
0 15 999999999 84 78 999999999 42 67 999999999 52 48 49 999999999 22 34 15 51 61 999999999 47 48 28 78 73 999999999 31 38 35 52 14 1 999999999 999999999 8 18 999999999 46 59 999999999 82 999999999 999999999 999999999 85 7 14 999999999 24 999999999 76 999999999 999999999 28 26 47 26 77 34 999999999 81 56 87 999999999 31 50 70 87 43 999999999 45 84 41 999999999 999999999 70 17 61 999999999 25 72 999999999 45 83 999999999 82 20 60 45 62 999999999 
29 0 42 999999999 83 40 74 50 44 27 999999999 999999999 46 3 11 18 52 86 999999999 999999999 55 77 999999999 999999999 999999999 7 27 56 73 999999999 999999999 52 71 41 51 69 999999999 18 45 999999999 999999999 14 61 999999999 31 68 66 999999999 51 58 50 63 5 68 999999999 10 32 999999999 26 54 12 999999999 999999999 999999999 81 71 42 999999999 2 58 81 86 999999999 999999999 24 999999999 28 34 36 55 999999999 999999999 52 31 79 28 58 49 66 999999999 
59 72 0 77 999999999 89 30 999999999 68 25 31 999999999 79 39 42 29 999999999 63 999999999 49 47 999999999 54 36 999999999 60 30 57 999999999 68 999999999 7 999999999 18 69 19 13 35 67 68 46 83 84 10 88 82 55 16 87 22 32 7 33 35 16 999999999 34 15 999999999 39 999999999 999999999 58 7 43 999999999 20 63 25 32 27 80 84 65 999999999 10 83 63 32 61 79 69 42 999999999 64 90 5 61 999999999 999999999 
14 12 47 0 75 5 19 54 999999999 86 89 999999999 45 22 999999999 61 999999999 999999999 3 999999999 89 999999999 76 67 999999999 57 59 60 56 50 999999999 1 999999999 78 60 999999999 11 11 30 999999999 50 85 999999999 61 8 999999999 74 45 34 81 55 45 999999999 1 89 90 82 84 29 64 22 85 49 74 20 64 999999999 44 58 999999999 30 999999999 29 37 999999999 42 11 56 999999999 999999999 999999999 999999999 77 11 76 999999999 63 68 999999999 17 
72 999999999 89 81 0 999999999 53 90 35 999999999 53 999999999 68 999999999 999999999 12 44 23 999999999 999999999 999999999 77 13 6 38 1 73 13 85 1 51 82 56 999999999 24 31 999999999 73 64 57 83 40 61 38 68 9 999999999 48 999999999 999999999 73 5 61 999999999 8 63 85 999999999 999999999 82 999999999 65 999999999 999999999 38 999999999 999999999 1 66 999999999 58 56 999999999 35 999999999 999999999 58 82 999999999 999999999 999999999 38 59 999999999 32 999999999 5 999999999 999999999 52 
999999999 999999999 999999999 18 34 0 26 66 32 44 19 78 999999999 4 22 25 21 17 29 77 999999999 999999999 999999999 31 20 57 999999999 999999999 999999999 10 26 8 999999999 50 62 83 999999999 23 32 62 67 29 27 79 2 53 16 28 999999999 82 999999999 999999999 86 11 46 40 999999999 17 79 999999999 55 22 11 999999999 58 78 51 77 999999999 87 84 54 50 999999999 70 13 36 999999999 75 999999999 23 999999999 999999999 61 999999999 63 20 4 67 999999999 
44 84 18 39 33 999999999 0 71 85 999999999 67 44 999999999 999999999 999999999 79 999999999 44 90 999999999 999999999 71 999999999 41 999999999 999999999 77 36 6 61 999999999 37 999999999 999999999 20 999999999 20 58 999999999 999999999 23 88 999999999 999999999 81 88 34 26 999999999 999999999 22 999999999 999999999 45 56 26 69 36 999999999 42 60 25 999999999 999999999 39 60 26 999999999 25 77 999999999 65 27 87 37 41 31 71 68 999999999 82 21 50 46 16 54 51 25 80 40 
27 85 999999999 82 33 19 25 0 43 4 70 65 67 68 67 24 999999999 26 14 54 47 25 18 61 999999999 43 65 82 83 61 64 36 17 32 999999999 999999999 80 69 999999999 80 89 88 86 21 10 21 18 37 64 70 7 29 56 39 79 75 999999999 90 999999999 22 66 999999999 24 81 26 999999999 999999999 54 999999999 16 2 999999999 3 999999999 11 9 33 999999999 999999999 76 47 61 43 81 52 28 75 34 44 49 
12 82 53 15 19 16 999999999 999999999 0 999999999 80 48 999999999 8 23 23 45 35 18 73 54 83 46 84 15 19 18 55 90 1 60 999999999 47 15 3 67 36 23 88 58 86 20 999999999 25 25 14 999999999 82 65 999999999 44 87 999999999 79 77 45 82 999999999 38 85 999999999 34 49 24 45 999999999 62 34 999999999 31 70 2 68 15 67 999999999 999999999 83 6 88 27 28 999999999 23 65 999999999 80 65 26 999999999 
999999999 79 24 16 999999999 62 45 77 68 0 80 68 999999999 45 1 20 999999999 999999999 999999999 15 74 8 999999999 999999999 87 3 999999999 999999999 999999999 37 88 77 999999999 59 53 999999999 75 5 999999999 76 34 24 75 999999999 76 999999999 999999999 24 999999999 43 2 80 62 999999999 999999999 42 35 36 64 19 72 45 52 999999999 45 999999999 43 23 76 10 10 999999999 74 22 83 61 25 12 81 7 12 999999999 31 7 5 54 87 999999999 60 30 
34 999999999 82 70 10 7 42 86 84 59 0 65 24 62 50 2 999999999 59 63 80 48 14 36 61 7 62 999999999 20 8 85 86 999999999 53 999999999 44 999999999 46 84 74 72 999999999 59 25 61 999999999 87 62 73 70 76 999999999 999999999 35 90 63 45 999999999 46 38 10 999999999 999999999 48 72 60 16 999999999 3 27 16 49 72 62 63 999999999 7 70 1 60 17 999999999 59 27 62 17 30 999999999 15 81 999999999 
999999999 18 16 999999999 36 33 999999999 35 75 13 999999999 0 8 30 5 12 63 999999999 46 999999999 35 67 37 999999999 999999999 59 3 12 999999999 41 25 69 17 999999999 51 24 61 87 999999999 999999999 999999999 999999999 26 999999999 71 39 44 57 47 999999999 999999999 76 78 80 75 37 62 90 999999999 41 5 999999999 49 999999999 16 57 85 27 86 999999999 21 999999999 82 58 27 36 75 999999999 999999999 64 89 999999999 19 30 53 10 999999999 999999999 5 999999999 
45 999999999 999999999 19 48 999999999 29 40 999999999 14 43 999999999 0 999999999 999999999 19 22 90 79 999999999 999999999 58 999999999 36 18 58 5 87 46 68 25 87 17 70 999999999 71 999999999 73 999999999 84 83 41 999999999 41 999999999 999999999 999999999 16 3 999999999 999999999 87 72 999999999 19 999999999 999999999 8 25 13 59 71 70 49 999999999 47 21 999999999 3 999999999 73 54 69 999999999 999999999 81 53 999999999 89 999999999 7 84 47 999999999 45 85 71 999999999 78 999999999 
999999999 999999999 999999999 1 86 47 18 68 25 3 48 999999999 42 0 62 999999999 77 39 999999999 29 66 12 65 22 999999999 86 58 73 28 46 23 999999999 18 999999999 45 42 59 999999999 3 57 24 80 53 27 54 1 3 73 51 71 4 999999999 19 71 43 48 14 999999999 32 74 999999999 6 33 14 46 999999999 999999999 999999999 90 999999999 41 47 37 22 19 999999999 65 13 999999999 999999999 70 22 999999999 15 999999999 999999999 38 75 29 50 
999999999 999999999 80 22 999999999 10 8 66 61 74 999999999 70 999999999 16 0 80 86 1 17 9 55 68 65 18 999999999 68 999999999 63 49 999999999 37 999999999 9 999999999 999999999 50 17 999999999 999999999 60 999999999 58 70 999999999 63 999999999 999999999 10 999999999 45 999999999 47 31 42 54 55 38 999999999 999999999 25 38 38 62 999999999 62 67 19 31 28 55 999999999 37 86 41 64 999999999 68 62 33 71 999999999 55 14 999999999 5 30 78 48 40 999999999 
15 999999999 33 10 47 999999999 7 999999999 999999999 56 71 999999999 41 999999999 60 0 999999999 44 41 6 50 999999999 57 74 999999999 14 5 2 999999999 8 999999999 15 22 999999999 999999999 56 8 24 72 999999999 999999999 999999999 4 48 60 76 9 999999999 71 63 999999999 68 38 52 67 51 54 3 43 11 26 19 999999999 46 49 999999999 999999999 999999999 999999999 26 6 21 50 999999999 46 999999999 3 70 999999999 61 57 999999999 59 14 20 999999999 57 70 49 999999999 
39 999999999 6 1 6 48 999999999 61 45 999999999 999999999 37 999999999 23 999999999 36 0 999999999 76 22 62 70 10 999999999 39 13 81 74 82 58 56 999999999 72 48 22 44 999999999 999999999 63 82 999999999 50 75 74 84 6 61 3 38 999999999 999999999 34 999999999 999999999 15 999999999 999999999 7 999999999 6 61 999999999 21 58 3 10 61 15 36 87 2 999999999 999999999 76 78 34 81 83 35 999999999 14 999999999 2 70 999999999 999999999 54 999999999 86 999999999 
78 38 22 51 999999999 53 87 14 87 999999999 27 999999999 1 37 8 44 33 0 55 68 5 81 999999999 69 999999999 999999999 28 36 81 999999999 999999999 34 77 999999999 15 75 72 5 999999999 999999999 999999999 41 9 47 999999999 50 79 999999999 54 999999999 46 13 13 86 999999999 999999999 69 78 54 999999999 15 81 999999999 76 12 999999999 58 54 999999999 66 18 50 54 999999999 999999999 44 71 999999999 44 999999999 49 40 40 82 999999999 23 999999999 17 999999999 77 
68 50 999999999 82 999999999 999999999 81 55 22 999999999 999999999 999999999 37 999999999 63 999999999 79 5 0 999999999 33 999999999 26 53 999999999 63 999999999 13 999999999 83 2 999999999 999999999 48 58 9 44 66 64 999999999 999999999 38 59 32 70 51 84 15 44 9 999999999 999999999 5 58 9 56 78 67 76 71 999999999 68 49 35 28 49 999999999 73 35 999999999 47 999999999 51 999999999 999999999 64 22 62 999999999 23 35 999999999 30 999999999 999999999 999999999 83 82 33 999999999 
50 999999999 49 999999999 45 46 6 84 999999999 90 38 999999999 72 45 66 84 59 999999999 60 0 999999999 38 36 999999999 89 4 26 33 13 65 84 27 999999999 56 41 65 19 75 24 1 80 8 65 999999999 4 2 999999999 999999999 999999999 62 999999999 78 999999999 61 16 72 76 1 999999999 999999999 46 26 17 35 999999999 60 81 43 83 41 999999999 44 9 44 999999999 9 5 84 999999999 32 33 41 999999999 11 80 74 999999999 50 41 36 
999999999 85 999999999 16 34 69 33 67 85 999999999 999999999 999999999 89 2 45 999999999 58 999999999 999999999 999999999 0 999999999 75 41 8 23 999999999 999999999 7 999999999 55 16 39 26 51 84 42 77 72 26 999999999 43 4 7 79 46 999999999 74 78 16 46 999999999 51 75 60 26 31 20 999999999 28 73 4 90 999999999 999999999 13 33 56 85 999999999 53 999999999 63 999999999 999999999 7 11 42 83 87 34 76 73 68 39 8 20 81 57 6 
68 61 999999999 27 77 16 999999999 999999999 54 39 8 86 62 999999999 999999999 999999999 26 51 999999999 21 999999999 0 16 10 76 999999999 46 67 999999999 34 999999999 67 22 75 999999999 85 57 51 47 999999999 38 15 31 86 22 999999999 12 59 60 33 41 30 999999999 999999999 26 46 999999999 28 28 53 999999999 60 59 999999999 999999999 34 14 999999999 66 63 999999999 89 999999999 6 85 999999999 74 44 999999999 24 36 15 80 999999999 999999999 35 3 45 82 999999999 
33 15 57 8 88 47 83 31 64 53 88 17 999999999 63 999999999 999999999 74 60 74 16 999999999 56 0 60 29 83 53 7 14 999999999 999999999 31 89 86 80 63 4 13 31 33 66 999999999 999999999 21 999999999 999999999 30 19 49 47 64 7 999999999 999999999 75 999999999 41 27 60 27 70 86 52 74 999999999 90 60 999999999 999999999 20 90 37 999999999 999999999 48 75 999999999 54 77 72 67 999999999 44 16 7 999999999 14 999999999 999999999 41 
40 999999999 28 999999999 999999999 54 999999999 17 999999999 999999999 39 36 78 86 999999999 37 30 4 20 82 2 42 999999999 0 999999999 7 90 999999999 54 999999999 2 999999999 85 999999999 5 82 18 999999999 999999999 63 999999999 50 999999999 77 61 77 70 52 999999999 59 38 42 62 60 999999999 35 1 80 43 84 6 999999999 999999999 999999999 999999999 28 46 81 75 37 999999999 85 83 58 47 49 81 37 11 999999999 84 999999999 74 32 85 9 999999999 39 89 50 
20 18 999999999 25 31 46 66 999999999 71 69 25 41 6 77 44 26 26 88 82 34 999999999 32 999999999 68 0 999999999 9 76 999999999 999999999 78 74 82 63 52 999999999 26 3 8 2 70 7 999999999 71 999999999 30 999999999 35 26 57 48 999999999 999999999 89 999999999 74 999999999 999999999 63 16 17 61 14 999999999 999999999 85 32 71 68 999999999 67 73 50 73 34 42 999999999 32 9 78 39 78 999999999 80 71 999999999 27 75 49 2 
999999999 999999999 26 999999999 45 74 79 60 25 63 999999999 72 27 30 42 999999999 74 26 75 19 999999999 999999999 62 5 15 0 45 60 82 50 40 37 84 75 72 89 49 5 58 47 90 999999999 37 999999999 999999999 54 15 999999999 999999999 61 999999999 999999999 999999999 80 82 999999999 45 999999999 60 14 999999999 999999999 12 30 23 999999999 999999999 88 10 39 44 78 38 6 999999999 28 61 14 17 62 46 75 999999999 10 72 66 999999999 9 999999999 76 
73 38 4 38 16 999999999 37 999999999 24 13 30 57 19 22 3 999999999 52 999999999 72 44 20 999999999 54 80 999999999 999999999 0 30 999999999 10 69 64 3 85 58 1 75 73 999999999 13 32 27 88 999999999 999999999 20 59 89 22 40 53 999999999 999999999 999999999 24 33 38 29 999999999 59 62 73 86 8 999999999 59 999999999 21 999999999 4 999999999 999999999 999999999 8 59 57 999999999 999999999 36 999999999 74 14 86 41 5 24 24 50 10 25 
999999999 999999999 32 45 999999999 8 9 26 27 80 999999999 48 82 18 86 999999999 89 999999999 999999999 72 13 52 65 999999999 999999999 999999999 33 0 89 999999999 69 53 37 67 999999999 999999999 999999999 14 66 86 31 69 19 34 999999999 999999999 48 42 999999999 1 28 23 47 52 999999999 999999999 999999999 6 31 44 40 54 29 999999999 83 67 66 90 51 2 28 39 33 8 72 76 50 20 999999999 999999999 48 10 18 999999999 72 58 999999999 999999999 90 999999999 
999999999 999999999 74 47 999999999 999999999 999999999 39 24 999999999 69 88 18 52 68 69 53 76 48 80 999999999 999999999 61 49 71 999999999 999999999 55 0 72 42 36 999999999 69 999999999 999999999 55 73 67 35 24 999999999 999999999 61 74 83 2 37 64 73 88 27 29 999999999 8 68 35 65 999999999 36 999999999 2 16 63 15 51 55 63 999999999 83 999999999 90 999999999 39 15 61 999999999 48 999999999 66 8 999999999 999999999 66 78 68 87 50 76 9 
999999999 999999999 43 999999999 3 2 6 999999999 71 32 68 76 999999999 26 999999999 999999999 1 999999999 999999999 999999999 77 999999999 30 69 2 52 999999999 11 74 0 62 34 4 53 4 31 85 61 11 9 53 999999999 1 58 27 999999999 999999999 74 7 56 38 49 43 51 73 999999999 46 999999999 999999999 999999999 999999999 999999999 44 40 4 52 89 999999999 57 999999999 29 999999999 83 22 8 11 8 67 999999999 6 56 999999999 999999999 67 46 999999999 62 4 5 999999999 
999999999 44 999999999 11 999999999 41 43 63 62 49 26 12 999999999 6 52 999999999 12 48 999999999 87 40 27 999999999 44 14 15 70 999999999 999999999 999999999 0 999999999 999999999 8 20 86 71 85 999999999 999999999 29 2 21 999999999 51 5 63 10 999999999 999999999 18 999999999 87 67 87 8 48 999999999 51 78 32 40 14 999999999 12 999999999 23 20 999999999 999999999 53 83 29 34 18 24 999999999 23 24 46 999999999 999999999 999999999 999999999 31 999999999 52 999999999 999999999 56 
6 75 999999999 26 999999999 17 76 999999999 28 999999999 77 7 999999999 55 999999999 70 76 88 78 999999999 999999999 999999999 40 54 69 999999999 64 5 999999999 83 86 0 999999999 6 57 999999999 50 999999999 3 999999999 79 72 3 34 48 3 78 999999999 9 47 33 999999999 999999999 35 51 80 8 49 69 10 999999999 90 22 34 36 34 27 18 82 999999999 29 59 999999999 999999999 999999999 26 999999999 38 999999999 18 999999999 999999999 35 999999999 59 23 42 999999999 43 8 
999999999 67 35 999999999 36 999999999 999999999 52 20 999999999 999999999 34 59 35 27 6 56 999999999 2 27 999999999 999999999 31 54 36 999999999 33 88 19 55 999999999 999999999 0 4 44 999999999 999999999 44 999999999 45 60 999999999 27 999999999 32 36 62 60 999999999 999999999 81 70 9 64 48 61 58 51 999999999 58 29 999999999 2 999999999 90 20 999999999 999999999 61 999999999 84 41 84 999999999 80 999999999 86 84 25 21 21 62 29 999999999 53 83 999999999 23 26 24 
88 19 2 999999999 57 999999999 34 999999999 42 40 24 68 15 72 18 999999999 87 61 999999999 10 999999999 59 20 999999999 66 999999999 999999999 22 29 40 999999999 60 45 0 7 84 52 999999999 3 999999999 90 68 26 999999999 50 57 7 20 999999999 999999999 59 61 999999999 999999999 5 59 52 999999999 999999999 999999999 81 999999999 13 65 999999999 86 75 32 999999999 999999999 66 34 49 59 999999999 999999999 999999999 76 999999999 32 999999999 35 84 999999999 999999999 29 79 61 48 999999999 
17 9 50 55 999999999 47 32 1 90 35 999999999 40 28 999999999 13 32 999999999 999999999 7 6 43 21 5 83 17 25 34 61 999999999 10 66 28 999999999 999999999 0 999999999 999999999 87 83 33 73 4 28 999999999 5 46 81 37 25 37 71 999999999 3 56 999999999 2 80 1 38 70 28 42 999999999 19 999999999 999999999 999999999 25 999999999 31 13 67 63 32 43 999999999 31 24 999999999 999999999 38 17 77 12 999999999 55 9 61 8 22 
84 999999999 49 46 51 65 86 999999999 81 45 46 2 75 999999999 79 999999999 42 79 999999999 40 37 47 32 34 38 32 20 38 36 69 999999999 15 26 60 69 0 999999999 54 15 7 999999999 999999999 46 999999999 28 41 84 21 48 12 21 999999999 56 60 38 999999999 70 84 85 999999999 9 999999999 53 24 11 999999999 21 999999999 999999999 23 47 18 999999999 27 999999999 25 39 999999999 49 999999999 999999999 999999999 63 8 34 58 999999999 999999999 30 79 
62 3 36 51 999999999 999999999 7 58 26 68 48 999999999 43 999999999 6 74 68 999999999 83 51 36 33 1 61 71 71 79 78 76 88 999999999 79 35 75 73 81 0 88 27 28 999999999 999999999 999999999 41 43 19 84 88 61 34 999999999 999999999 30 55 999999999 35 999999999 65 78 999999999 999999999 85 999999999 999999999 62 90 61 63 65 999999999 31 999999999 2 43 87 999999999 2 53 56 71 999999999 81 41 74 38 74 18 49 64 8 
48 36 999999999 39 3 21 7 999999999 999999999 48 53 2 33 85 65 17 32 17 28 56 74 999999999 23 31 21 49 67 88 67 31 62 55 999999999 80 18 54 24 0 49 69 33 6 999999999 999999999 1 58 69 36 2 999999999 9 999999999 999999999 50 13 22 59 67 77 66 79 42 999999999 999999999 77 71 999999999 37 3 41 39 999999999 58 999999999 999999999 3 38 51 31 39 75 8 14 44 999999999 82 999999999 14 65 999999999 
999999999 999999999 10 73 999999999 999999999 999999999 64 63 999999999 999999999 999999999 999999999 60 34 999999999 59 30 45 70 999999999 78 88 72 999999999 32 999999999 65 25 21 999999999 999999999 34 999999999 26 67 44 90 0 51 51 51 14 53 44 52 3 51 999999999 88 83 22 64 41 81 54 5 36 10 87 9 999999999 999999999 82 999999999 86 45 999999999 7 45 26 999999999 999999999 59 80 65 84 79 85 1 32 6 21 999999999 72 999999999 76 999999999 77 63 
999999999 12 999999999 1 40 47 62 999999999 42 87 38 999999999 28 999999999 37 80 33 70 54 999999999 75 88 999999999 999999999 60 44 64 40 2 26 999999999 41 26 10 90 999999999 51 36 8 0 15 13 999999999 82 15 57 999999999 30 65 3 82 86 78 33 33 9 18 999999999 82 999999999 65 61 58 24 999999999 7 89 38 74 60 999999999 46 16 32 2 32 84 41 5 46 87 70 36 53 999999999 999999999 86 84 64 999999999 
999999999 999999999 28 61 999999999 87 75 999999999 13 999999999 71 86 79 999999999 88 27 29 68 53 71 44 25 54 29 32 24 2 48 6 25 15 2 82 27 15 53 19 999999999 59 60 0 68 79 25 25 32 999999999 999999999 999999999 74 70 19 74 87 37 63 999999999 68 13 89 81 13 999999999 7 999999999 999999999 89 999999999 76 999999999 89 75 22 999999999 29 65 6 56 999999999 80 22 67 999999999 33 999999999 20 999999999 22 999999999 34 
72 39 28 999999999 82 19 14 50 999999999 62 999999999 999999999 32 9 999999999 999999999 999999999 45 25 84 999999999 28 58 34 57 80 26 999999999 22 31 56 3 29 9 999999999 48 26 72 36 16 29 0 75 13 68 15 999999999 73 999999999 85 29 48 999999999 80 6 21 19 22 999999999 86 13 40 72 999999999 52 67 999999999 47 999999999 90 999999999 6 999999999 74 56 45 19 45 86 999999999 64 67 999999999 999999999 999999999 77 36 88 77 48 
12 7 36 2 10 12 16 16 16 999999999 4 79 999999999 999999999 73 51 79 50 10 41 999999999 40 75 999999999 999999999 999999999 21 999999999 89 999999999 10 53 70 88 999999999 13 26 80 65 25 999999999 48 0 13 19 76 45 72 999999999 4 7 999999999 999999999 74 5 80 56 999999999 999999999 4 25 33 45 31 8 36 999999999 999999999 999999999 999999999 32 999999999 19 27 74 32 999999999 73 999999999 71 84 70 23 39 43 59 32 78 84 80 
999999999 999999999 8 13 11 999999999 48 999999999 68 75 23 33 999999999 51 90 4 43 83 55 999999999 999999999 81 999999999 999999999 78 33 57 54 31 22 999999999 86 54 35 999999999 90 55 12 45 999999999 47 76 32 0 36 12 90 999999999 60 999999999 999999999 68 4 30 999999999 65 79 999999999 999999999 35 14 31 42 29 48 30 999999999 35 32 36 35 55 52 1 999999999 83 53 19 999999999 5 45 999999999 53 87 68 59 7 64 999999999 57 
16 65 999999999 999999999 71 81 79 26 26 999999999 4 999999999 23 75 21 85 51 63 71 999999999 999999999 41 61 999999999 24 21 57 43 50 24 999999999 47 78 55 1 999999999 66 999999999 66 85 999999999 999999999 999999999 79 0 28 29 5 82 16 84 72 55 53 76 9 42 999999999 75 83 65 46 28 15 64 86 83 71 64 999999999 38 34 13 999999999 31 50 68 71 6 12 999999999 6 54 25 35 999999999 999999999 39 70 44 
999999999 1 999999999 82 999999999 999999999 76 66 60 28 36 999999999 999999999 999999999 17 37 19 90 78 999999999 999999999 53 56 53 55 69 3 999999999 82 36 79 52 999999999 69 999999999 999999999 58 51 75 31 82 29 87 999999999 87 0 999999999 36 999999999 41 53 27 59 999999999 999999999 999999999 89 999999999 37 999999999 999999999 999999999 64 76 999999999 20 84 14 61 89 999999999 999999999 78 999999999 24 999999999 71 10 30 999999999 46 78 999999999 58 22 20 61 52 999999999 999999999 
37 78 79 86 999999999 22 999999999 999999999 3 79 57 46 999999999 999999999 9 60 45 74 88 53 999999999 37 2 34 8 999999999 999999999 69 5 88 999999999 13 21 60 72 21 999999999 999999999 999999999 999999999 43 54 999999999 41 57 39 0 4 40 999999999 43 999999999 40 999999999 29 57 999999999 6 10 59 79 66 999999999 999999999 17 27 54 42 41 38 62 18 79 77 23 30 999999999 999999999 11 999999999 999999999 84 25 33 77 32 999999999 51 999999999 27 
65 60 33 999999999 72 89 71 45 999999999 999999999 999999999 999999999 55 69 999999999 80 15 999999999 7 8 999999999 49 999999999 999999999 999999999 999999999 999999999 999999999 53 44 999999999 5 88 999999999 13 999999999 61 999999999 85 81 68 11 11 3 70 89 68 0 68 85 13 35 38 999999999 10 71 62 36 999999999 999999999 24 3 56 12 61 47 86 999999999 50 38 31 60 999999999 999999999 22 24 33 48 68 999999999 44 999999999 25 999999999 44 74 999999999 2 51 999999999 
73 70 999999999 85 59 56 999999999 11 4 999999999 86 14 77 8 88 999999999 999999999 999999999 72 999999999 16 999999999 86 999999999 999999999 999999999 62 25 44 999999999 999999999 84 84 17 9 87 82 6 81 999999999 999999999 23 999999999 66 25 999999999 52 999999999 0 38 999999999 999999999 999999999 73 999999999 50 34 27 35 81 17 28 78 999999999 11 31 17 51 72 47 7 21 27 999999999 999999999 999999999 30 22 32 76 80 37 24 20 999999999 51 74 14 999999999 33 
16 33 10 73 20 39 43 999999999 46 31 999999999 999999999 999999999 999999999 46 50 67 82 999999999 48 80 40 999999999 48 88 23 27 999999999 999999999 40 52 82 10 29 15 38 88 999999999 72 55 999999999 33 27 999999999 3 999999999 50 56 56 0 21 15 999999999 51 22 999999999 76 3 999999999 85 73 74 83 4 53 999999999 56 2 64 85 15 90 28 28 28 999999999 63 999999999 999999999 49 999999999 29 88 73 999999999 999999999 90 9 70 44 
68 999999999 30 70 71 37 999999999 5 4 26 44 42 23 23 58 88 33 11 999999999 34 44 41 44 49 999999999 999999999 999999999 999999999 67 999999999 999999999 999999999 16 30 57 999999999 6 20 80 46 26 10 86 999999999 999999999 999999999 999999999 73 58 62 0 999999999 999999999 2 999999999 28 49 3 65 53 11 67 90 46 999999999 38 59 23 60 999999999 12 86 86 66 68 81 3 999999999 1 79 33 2 14 13 4 49 89 21 999999999 20 
38 999999999 24 46 30 64 50 56 3 55 29 999999999 4 51 999999999 73 66 67 83 18 44 14 999999999 37 71 47 999999999 56 8 999999999 69 999999999 89 999999999 90 25 76 87 61 88 45 999999999 33 1 999999999 72 90 12 86 999999999 999999999 0 47 999999999 69 999999999 57 89 999999999 38 999999999 999999999 49 999999999 23 51 999999999 999999999 10 55 26 999999999 21 79 66 89 19 31 999999999 29 4 39 999999999 65 999999999 36 999999999 78 999999999 81 
999999999 22 999999999 999999999 17 73 999999999 61 999999999 999999999 17 23 999999999 999999999 87 65 999999999 999999999 999999999 54 2 41 55 8 8 27 34 999999999 31 999999999 12 34 57 999999999 61 999999999 49 999999999 999999999 11 26 999999999 63 999999999 999999999 14 55 72 999999999 999999999 41 41 0 87 18 44 11 999999999 84 66 3 999999999 999999999 19 65 70 43 70 64 86 999999999 85 88 44 90 15 80 65 999999999 10 999999999 75 37 26 52 61 59 3 5 79 
50 57 81 85 999999999 86 999999999 41 999999999 78 84 33 38 83 20 87 8 999999999 9 79 999999999 46 999999999 89 90 999999999 40 57 4 87 1 58 56 33 5 62 999999999 76 11 30 999999999 73 6 999999999 51 999999999 49 87 74 999999999 999999999 999999999 999999999 0 999999999 999999999 80 36 7 74 73 60 999999999 77 999999999 999999999 4 81 37 23 999999999 56 38 85 90 23 999999999 999999999 21 42 999999999 30 50 999999999 43 88 999999999 32 50 32 
76 57 999999999 15 999999999 80 83 23 71 2 28 11 37 999999999 999999999 32 44 28 999999999 22 87 18 69 50 62 999999999 64 6 34 43 76 26 999999999 21 15 999999999 999999999 26 999999999 18 79 999999999 28 61 999999999 60 999999999 27 999999999 21 54 28 999999999 42 0 999999999 27 46 72 15 999999999 63 19 88 30 999999999 72 999999999 51 89 75 6 71 89 999999999 47 999999999 999999999 47 12 38 999999999 999999999 6 999999999 62 48 999999999 50 999999999 
14 58 70 68 30 999999999 999999999 999999999 77 999999999 1 51 23 83 80 34 999999999 77 999999999 59 60 999999999 81 48 999999999 59 999999999 62 45 37 999999999 41 999999999 86 44 43 41 44 25 55 8 8 24 999999999 1 53 37 6 78 39 28 73 22 43 15 0 69 999999999 62 86 4 34 39 999999999 84 59 999999999 36 49 999999999 11 52 999999999 11 57 52 23 999999999 999999999 22 999999999 999999999 28 64 56 19 60 999999999 20 999999999 
82 999999999 89 41 7 33 31 4 61 999999999 66 999999999 999999999 75 80 17 87 49 999999999 29 999999999 46 999999999 23 5 68 21 61 999999999 999999999 59 72 999999999 62 999999999 38 999999999 56 90 18 999999999 999999999 999999999 4 999999999 20 50 56 49 999999999 999999999 999999999 999999999 31 999999999 83 0 26 5 48 28 68 999999999 67 69 30 9 59 27 26 53 82 999999999 83 999999999 50 8 37 999999999 17 18 56 42 43 999999999 39 82 999999999 27 999999999 
999999999 999999999 41 26 22 999999999 999999999 999999999 65 87 999999999 70 999999999 61 80 999999999 55 999999999 14 20 48 68 999999999 51 6 45 999999999 39 56 90 4 34 999999999 21 23 999999999 19 78 76 46 69 62 16 999999999 58 6 999999999 84 50 999999999 17 999999999 90 86 999999999 3 47 0 37 40 69 6 35 90 50 999999999 999999999 22 14 82 21 47 999999999 14 999999999 75 23 10 999999999 999999999 5 999999999 58 67 48 999999999 75 4 77 999999999 
64 21 89 23 43 62 999999999 81 51 38 72 20 61 74 85 999999999 50 999999999 60 58 74 999999999 999999999 30 999999999 8 32 42 45 68 68 999999999 41 999999999 78 999999999 999999999 57 29 13 33 54 78 999999999 999999999 16 999999999 999999999 57 999999999 999999999 999999999 82 999999999 44 87 89 10 0 22 999999999 999999999 54 46 30 47 999999999 36 20 66 38 45 47 16 78 80 54 80 20 81 25 77 56 63 23 25 3 20 46 33 
53 16 33 17 18 999999999 4 999999999 31 999999999 999999999 47 35 999999999 16 26 44 999999999 70 2 999999999 88 17 999999999 78 59 999999999 999999999 999999999 79 999999999 8 999999999 51 29 42 999999999 999999999 67 30 999999999 55 999999999 75 73 29 15 999999999 999999999 30 69 999999999 71 999999999 75 53 999999999 66 2 0 61 999999999 63 999999999 52 11 24 55 28 13 50 43 16 999999999 999999999 999999999 42 999999999 40 999999999 999999999 999999999 78 15 65 39 29 80 83 999999999 
44 88 60 55 11 39 24 74 71 51 64 999999999 9 75 999999999 86 36 5 77 28 72 35 44 999999999 999999999 18 31 7 25 60 39 2 39 999999999 23 68 999999999 47 32 10 71 90 6 23 2 33 74 999999999 999999999 45 18 46 21 999999999 999999999 82 74 73 3 999999999 0 999999999 999999999 999999999 59 36 18 10 999999999 999999999 33 7 5 999999999 86 999999999 33 999999999 9 70 999999999 999999999 13 999999999 999999999 999999999 8 59 999999999 27 
21 999999999 60 59 40 70 999999999 54 999999999 999999999 14 999999999 999999999 87 999999999 3 67 999999999 52 41 999999999 15 34 999999999 66 999999999 999999999 999999999 48 999999999 10 80 67 64 999999999 5 999999999 55 999999999 10 10 30 999999999 20 16 50 999999999 38 999999999 999999999 999999999 38 7 50 999999999 999999999 61 21 999999999 999999999 36 0 999999999 7 47 72 999999999 62 31 51 18 999999999 31 999999999 999999999 16 6 52 34 69 70 12 999999999 999999999 77 999999999 999999999 81 999999999 999999999 
70 41 27 82 63 999999999 55 62 82 999999999 999999999 43 49 80 999999999 48 7 76 18 999999999 41 20 30 999999999 1 999999999 87 79 999999999 999999999 999999999 8 999999999 999999999 78 32 999999999 69 999999999 999999999 999999999 23 80 999999999 16 54 38 77 22 52 13 47 23 10 57 70 39 84 62 5 25 77 0 57 999999999 999999999 999999999 999999999 999999999 999999999 68 999999999 36 81 999999999 53 24 88 66 9 28 999999999 34 999999999 4 48 999999999 58 999999999 70 
42 37 999999999 999999999 48 73 43 58 73 999999999 17 53 68 6 41 999999999 999999999 999999999 23 51 999999999 83 86 999999999 999999999 999999999 999999999 999999999 54 27 22 3 999999999 999999999 66 62 46 85 63 83 3 999999999 58 31 999999999 62 14 21 80 999999999 13 84 84 26 69 19 76 71 999999999 87 999999999 10 999999999 0 5 25 78 999999999 27 999999999 999999999 6 50 999999999 40 39 44 57 87 999999999 999999999 71 36 70 999999999 77 63 999999999 43 18 
3 81 17 5 999999999 10 62 86 999999999 32 4 8 999999999 16 71 43 999999999 13 999999999 8 999999999 45 999999999 67 999999999 999999999 61 22 48 36 1 71 999999999 51 42 999999999 59 6 9 999999999 14 89 22 5 999999999 64 999999999 75 54 63 999999999 3 72 49 999999999 17 13 999999999 999999999 999999999 36 999999999 73 47 0 999999999 40 28 33 63 24 999999999 3 58 77 999999999 999999999 41 68 53 65 7 999999999 88 90 51 999999999 9 66 77 
999999999 999999999 999999999 37 27 52 45 9 44 999999999 25 999999999 999999999 50 13 90 61 72 33 43 999999999 7 999999999 999999999 42 999999999 54 12 73 999999999 999999999 999999999 64 999999999 66 59 23 67 89 60 999999999 46 44 999999999 60 999999999 999999999 84 999999999 82 38 20 90 62 999999999 999999999 61 29 999999999 66 18 73 32 999999999 46 0 999999999 51 80 46 78 12 69 1 87 24 26 999999999 51 71 77 40 46 33 999999999 999999999 999999999 85 71 31 
25 999999999 999999999 999999999 28 20 19 27 59 999999999 999999999 62 999999999 999999999 66 999999999 39 66 44 63 20 60 999999999 999999999 6 10 999999999 33 72 87 43 31 999999999 38 999999999 23 999999999 44 86 999999999 16 86 5 62 72 26 2 14 88 86 74 82 77 65 85 28 6 999999999 29 42 35 999999999 999999999 61 79 26 0 999999999 999999999 88 57 999999999 51 40 81 999999999 51 41 35 75 22 11 66 999999999 42 60 999999999 40 26 76 
82 12 33 17 70 999999999 67 24 56 46 10 69 41 57 59 80 68 77 1 22 20 999999999 999999999 43 999999999 999999999 8 47 16 27 67 5 999999999 5 1 70 74 90 71 12 84 63 59 88 999999999 55 999999999 999999999 58 35 999999999 70 6 63 999999999 84 67 28 999999999 26 2 999999999 71 53 73 54 61 0 999999999 79 71 69 73 5 80 49 999999999 999999999 999999999 22 57 54 2 22 1 999999999 69 82 53 999999999 
32 999999999 999999999 55 45 1 64 76 999999999 3 4 4 64 3 34 83 999999999 999999999 56 37 56 999999999 20 71 999999999 53 999999999 23 36 27 78 999999999 16 3 999999999 8 85 59 999999999 43 999999999 999999999 48 999999999 999999999 35 62 44 29 34 47 77 58 999999999 999999999 999999999 32 55 67 25 6 46 999999999 59 999999999 44 81 44 0 6 999999999 999999999 89 34 44 37 60 45 6 12 999999999 72 17 33 29 63 24 84 999999999 59 
84 2 27 999999999 999999999 50 76 3 17 999999999 999999999 999999999 41 39 27 14 999999999 34 11 999999999 64 15 23 999999999 57 87 14 999999999 46 87 32 61 999999999 45 29 72 74 999999999 999999999 34 81 60 55 58 89 999999999 999999999 45 83 6 999999999 70 38 85 81 55 11 36 63 21 60 16 46 999999999 999999999 81 73 999999999 1 0 16 38 47 10 34 4 999999999 999999999 999999999 28 85 22 14 78 40 999999999 67 16 38 5 
34 2 52 999999999 40 56 43 83 999999999 4 999999999 4 999999999 74 19 999999999 69 76 19 999999999 999999999 25 10 60 15 48 79 999999999 999999999 66 2 999999999 67 999999999 6 17 47 78 26 68 64 38 5 999999999 6 81 999999999 85 75 999999999 86 999999999 14 23 31 63 85 999999999 999999999 10 57 999999999 83 70 999999999 37 29 999999999 999999999 999999999 0 60 84 999999999 999999999 57 30 73 8 56 28 32 66 88 83 999999999 999999999 76 39 999999999 
74 55 52 13 999999999 80 76 40 68 69 999999999 49 999999999 999999999 999999999 999999999 74 88 42 3 999999999 999999999 17 4 81 49 81 86 75 90 999999999 999999999 3 43 40 41 999999999 999999999 55 8 27 77 999999999 999999999 40 999999999 64 67 81 32 999999999 999999999 999999999 999999999 999999999 44 70 19 999999999 20 20 52 55 59 48 46 3 29 45 87 999999999 0 999999999 999999999 999999999 58 50 71 56 999999999 58 999999999 35 4 999999999 50 999999999 999999999 49 79 
43 78 55 66 31 19 23 999999999 999999999 13 18 67 49 37 18 8 54 47 16 5 41 37 1 999999999 999999999 67 999999999 87 28 46 999999999 5 10 999999999 61 34 79 28 87 54 62 33 999999999 14 59 999999999 3 60 60 77 51 10 999999999 63 33 86 29 71 56 999999999 90 85 999999999 69 999999999 64 999999999 67 999999999 87 57 999999999 0 999999999 26 999999999 11 999999999 47 999999999 999999999 999999999 8 999999999 62 999999999 25 999999999 30 69 
999999999 999999999 68 37 53 999999999 999999999 42 44 52 52 85 40 68 61 49 4 90 999999999 999999999 999999999 51 5 89 999999999 29 85 83 8 61 49 2 69 28 27 82 8 9 34 55 999999999 2 17 48 999999999 52 77 9 999999999 62 70 65 21 55 58 999999999 7 44 999999999 79 72 26 999999999 999999999 61 87 10 43 61 68 31 13 32 0 86 999999999 85 999999999 43 27 36 999999999 999999999 62 26 81 35 999999999 62 999999999 
2 43 74 50 16 19 16 65 999999999 999999999 12 999999999 999999999 47 21 22 68 77 90 88 4 67 72 62 999999999 83 44 79 21 42 999999999 79 999999999 61 2 68 69 86 999999999 16 999999999 999999999 999999999 999999999 999999999 10 999999999 63 11 83 38 40 71 83 38 78 999999999 999999999 28 39 19 23 88 999999999 17 90 27 51 20 2 39 999999999 17 15 0 999999999 66 3 45 999999999 24 36 39 25 27 51 999999999 20 90 7 
29 82 999999999 999999999 49 6 69 53 84 85 22 2 28 64 63 71 999999999 86 55 999999999 4 999999999 40 39 999999999 24 999999999 5 999999999 18 21 75 999999999 2 999999999 44 48 10 22 53 999999999 999999999 76 47 999999999 15 61 10 999999999 54 2 999999999 84 59 61 72 1 48 61 999999999 38 61 87 42 999999999 90 22 65 26 44 88 61 22 38 8 0 65 78 999999999 11 77 75 999999999 53 17 44 15 72 999999999 64 
46 89 13 49 999999999 999999999 54 87 999999999 999999999 76 45 22 999999999 87 70 37 88 999999999 29 76 999999999 42 55 11 999999999 13 999999999 71 29 64 4 37 999999999 999999999 1 999999999 73 87 72 31 999999999 14 49 31 67 2 999999999 75 75 999999999 84 57 28 7 9 62 999999999 66 85 22 28 34 999999999 28 60 13 51 59 80 21 999999999 79 29 59 60 0 53 999999999 40 999999999 999999999 42 79 30 15 999999999 12 999999999 999999999 
999999999 27 62 46 53 29 999999999 64 999999999 999999999 999999999 25 33 81 999999999 47 35 61 63 35 43 23 29 999999999 54 999999999 61 67 999999999 68 999999999 999999999 33 999999999 58 61 29 999999999 999999999 7 90 999999999 999999999 47 999999999 999999999 999999999 38 20 10 999999999 999999999 999999999 999999999 999999999 999999999 69 72 58 80 6 999999999 45 47 79 70 59 82 18 999999999 50 62 12 999999999 999999999 4 999999999 0 999999999 63 6 999999999 11 69 43 71 70 51 8 999999999 
31 999999999 999999999 999999999 999999999 62 31 88 60 15 29 40 24 57 22 11 50 39 68 999999999 999999999 72 999999999 62 13 28 6 19 999999999 89 83 999999999 82 999999999 24 999999999 62 53 65 61 83 27 33 999999999 79 23 47 83 999999999 90 999999999 82 999999999 999999999 68 20 999999999 31 32 999999999 999999999 84 46 51 78 4 53 80 999999999 67 90 999999999 16 57 999999999 69 61 50 0 9 40 999999999 999999999 50 60 68 53 29 86 999999999 
88 10 999999999 38 49 14 999999999 24 72 44 999999999 21 79 999999999 999999999 65 71 90 24 5 35 11 48 46 88 999999999 81 999999999 63 29 26 12 78 47 49 81 5 999999999 7 999999999 81 82 999999999 48 89 45 999999999 1 999999999 50 46 999999999 46 999999999 999999999 42 999999999 999999999 999999999 999999999 48 64 999999999 999999999 999999999 57 28 12 999999999 54 32 62 73 999999999 46 75 999999999 50 43 0 67 66 86 59 17 999999999 56 50 87 23 
999999999 999999999 30 5 999999999 82 999999999 999999999 8 88 999999999 86 999999999 999999999 13 78 76 999999999 88 25 53 89 999999999 73 60 46 999999999 999999999 13 999999999 999999999 69 33 64 47 999999999 999999999 7 999999999 999999999 74 999999999 999999999 999999999 999999999 25 999999999 6 87 999999999 999999999 20 999999999 47 4 80 4 85 47 57 8 56 999999999 999999999 83 24 4 26 53 999999999 33 82 999999999 15 75 1 61 86 59 999999999 0 88 15 999999999 42 21 67 68 999999999 60 
999999999 80 14 43 999999999 11 58 61 72 999999999 84 75 50 29 88 999999999 48 81 9 39 81 50 51 6 44 31 56 999999999 75 999999999 34 999999999 999999999 71 2 999999999 63 42 73 1 999999999 999999999 27 999999999 999999999 13 57 6 40 16 79 34 999999999 79 85 64 15 62 89 23 38 18 48 34 17 63 41 38 999999999 52 999999999 999999999 999999999 30 27 70 7 44 999999999 999999999 999999999 0 999999999 44 38 33 999999999 48 999999999 86 
999999999 999999999 999999999 999999999 54 61 44 999999999 44 4 7 82 16 59 62 38 59 66 999999999 12 999999999 76 999999999 999999999 999999999 53 71 20 55 64 999999999 999999999 79 999999999 46 1 69 90 999999999 9 68 35 999999999 999999999 89 59 41 53 37 55 52 39 64 43 999999999 47 10 65 72 3 999999999 55 999999999 28 999999999 88 23 81 999999999 999999999 44 999999999 5 76 19 999999999 5 66 44 999999999 3 74 0 47 88 73 89 57 999999999 70 
50 86 999999999 59 999999999 83 22 48 999999999 34 71 70 41 999999999 8 2 70 59 999999999 999999999 15 26 999999999 57 23 999999999 7 60 36 37 7 84 999999999 43 26 38 78 39 32 40 62 999999999 81 999999999 80 999999999 32 999999999 59 39 85 13 999999999 27 25 999999999 999999999 999999999 50 79 999999999 88 54 48 61 76 61 999999999 999999999 69 11 87 85 999999999 24 999999999 26 999999999 25 5 999999999 45 999999999 0 999999999 52 70 84 79 45 
13 83 999999999 999999999 31 999999999 22 37 22 56 14 999999999 73 22 9 999999999 50 999999999 999999999 999999999 999999999 999999999 999999999 22 52 31 999999999 20 999999999 16 999999999 42 4 6 39 82 28 17 999999999 29 999999999 999999999 11 38 999999999 999999999 8 53 63 999999999 16 5 57 88 71 23 11 999999999 56 18 999999999 999999999 54 62 51 79 999999999 999999999 8 63 88 999999999 999999999 90 90 82 8 999999999 17 83 13 81 999999999 1 0 999999999 84 999999999 76 33 
999999999 999999999 22 82 69 999999999 999999999 28 999999999 4 85 22 72 999999999 999999999 13 28 22 39 999999999 82 10 999999999 14 9 64 23 53 999999999 33 999999999 81 62 73 15 16 11 62 57 20 45 8 44 52 73 58 15 84 75 86 999999999 49 67 81 62 999999999 8 42 29 999999999 10 41 999999999 999999999 15 27 82 90 43 78 35 12 25 19 999999999 15 28 999999999 29 4 76 69 999999999 999999999 43 0 59 36 42 89 
19 999999999 90 64 999999999 27 2 64 87 81 999999999 52 12 999999999 999999999 999999999 39 999999999 41 37 46 27 999999999 80 999999999 9 87 999999999 999999999 43 999999999 999999999 23 70 38 26 34 999999999 999999999 39 8 999999999 46 999999999 60 999999999 12 999999999 46 10 69 78 90 999999999 36 10 89 18 999999999 999999999 999999999 87 10 1 999999999 51 999999999 23 81 50 999999999 73 37 999999999 42 81 13 3 4 12 999999999 28 90 999999999 53 999999999 0 50 79 82 
30 88 78 22 38 86 25 55 43 999999999 39 19 63 34 44 89 999999999 999999999 78 59 44 36 41 999999999 14 6 23 8 14 78 13 999999999 22 81 11 83 19 73 52 3 999999999 79 7 16 21 999999999 10 28 44 52 999999999 67 999999999 27 999999999 999999999 999999999 48 999999999 999999999 999999999 33 999999999 47 87 999999999 66 6 999999999 999999999 34 43 38 66 72 39 13 52 999999999 85 999999999 83 999999999 32 999999999 3 30 0 999999999 40 
999999999 73 999999999 45 68 62 54 50 999999999 999999999 1 5 38 999999999 80 78 29 58 88 999999999 45 5 42 51 26 59 10 999999999 32 15 16 65 999999999 999999999 76 20 1 41 33 999999999 999999999 67 999999999 999999999 12 73 57 999999999 28 68 58 70 13 41 84 83 81 76 999999999 10 24 19 10 999999999 86 54 79 999999999 16 15 30 86 40 61 13 999999999 999999999 999999999 89 13 29 999999999 87 62 999999999 81 47 4 0 63 
51 60 61 999999999 999999999 999999999 37 54 67 41 999999999 60 999999999 52 43 999999999 64 999999999 999999999 999999999 86 10 999999999 84 66 79 999999999 16 1 999999999 52 999999999 999999999 39 999999999 999999999 58 999999999 10 999999999 78 43 27 43 46 42 999999999 55 10 68 46 32 80 75 999999999 999999999 16 74 10 999999999 999999999 67 54 999999999 42 70 999999999 999999999 8 81 999999999 3 38 14 999999999 53 999999999 79 83 71 67 14 50 72 999999999 999999999 999999999 999999999 36 0 
