110
0 999999999 69 7 108 75 73 6 92 61 92 999999999 999999999 100 999999999 999999999 83 45 999999999 13 65 999999999 109 51 70 28 77 92 90 999999999 8 19 999999999 86 29 36 101 999999999 107 74 79 999999999 999999999 66 999999999 999999999 999999999 88 999999999 87 39 999999999 63 43 63 62 55 999999999 25 101 43 72 39 55 42 63 999999999 82 43 19 999999999 84 63 30 101 52 94 93 999999999 30 49 999999999 94 999999999 999999999 6 59 999999999 59 81 999999999 999999999 39 56 90 106 999999999 21 105 88 33 60 4 90 24 999999999 108 34 999999999 57 
999999999 0 3 999999999 999999999 6 999999999 999999999 999999999 73 80 999999999 47 44 32 999999999 14 104 49 999999999 999999999 92 36 52 999999999 999999999 70 73 67 96 28 999999999 91 77 45 78 77 8 999999999 999999999 73 35 18 999999999 999999999 16 999999999 21 40 999999999 74 999999999 999999999 999999999 999999999 50 999999999 22 75 70 16 9 62 15 999999999 102 36 80 999999999 999999999 999999999 999999999 40 999999999 999999999 999999999 90 49 999999999 999999999 999999999 999999999 94 999999999 81 999999999 38 104 105 999999999 86 84 44 96 99 101 999999999 999999999 92 89 9 85 103 89 999999999 100 46 27 98 58 
999999999 107 0 53 999999999 999999999 74 999999999 95 98 999999999 32 61 95 999999999 54 19 47 42 80 999999999 61 91 72 82 16 999999999 999999999 999999999 101 82 69 68 999999999 77 9 103 1 108 999999999 88 40 110 77 10 999999999 22 87 102 39 20 999999999 999999999 85 66 24 999999999 999999999 36 11 61 40 106 999999999 43 999999999 5 999999999 999999999 999999999 76 69 102 105 999999999 999999999 106 13 90 17 63 71 100 21 37 72 105 66 999999999 13 999999999 76 14 109 999999999 22 56 999999999 999999999 999999999 999999999 88 24 999999999 80 999999999 999999999 19 2 17 
107 45 53 0 999999999 73 58 29 999999999 78 999999999 82 999999999 999999999 999999999 999999999 999999999 999999999 70 31 95 80 999999999 999999999 1 999999999 72 20 999999999 999999999 999999999 999999999 95 92 999999999 999999999 102 3 999999999 30 6 999999999 999999999 86 98 999999999 54 107 999999999 45 105 6 999999999 999999999 999999999 999999999 999999999 999999999 71 999999999 67 62 999999999 45 90 999999999 999999999 49 47 66 4 999999999 999999999 21 103 999999999 21 98 39 999999999 3 999999999 90 100 7 27 13 61 10 999999999 38 74 12 103 72 47 63 5 23 999999999 999999999 86 999999999 11 73 30 48 52 999999999 97 
65 45 31 999999999 0 110 104 41 104 999999999 999999999 75 20 2 84 999999999 48 999999999 33 27 36 22 51 999999999 999999999 65 101 999999999 28 999999999 999999999 999999999 90 66 9 27 78 92 60 16 15 99 999999999 13 107 999999999 22 52 110 999999999 23 37 999999999 10 999999999 79 22 23 11 78 999999999 999999999 999999999 999999999 999999999 20 999999999 999999999 16 95 86 7 107 49 75 88 999999999 999999999 999999999 93 999999999 9 999999999 999999999 62 56 40 999999999 21 56 66 81 104 110 999999999 85 76 32 15 109 4 15 999999999 70 103 68 49 64 52 999999999 
108 83 999999999 32 39 0 79 999999999 999999999 52 87 98 2 999999999 96 999999999 100 34 999999999 105 999999999 999999999 999999999 56 17 24 38 12 13 70 47 13 999999999 90 102 999999999 77 104 999999999 999999999 999999999 17 88 61 31 40 18 17 48 999999999 79 80 57 59 90 999999999 43 999999999 87 46 97 999999999 91 66 35 51 999999999 67 999999999 4 81 97 3 999999999 99 53 21 999999999 78 78 21 78 999999999 49 86 999999999 27 100 97 999999999 11 26 7 999999999 102 999999999 999999999 999999999 8 12 100 82 41 59 55 93 48 1 2 18 
999999999 3 96 68 103 999999999 0 27 45 29 66 999999999 58 90 33 42 104 62 29 59 32 36 29 87 35 999999999 999999999 49 68 101 999999999 31 87 14 999999999 92 999999999 999999999 999999999 70 14 58 7 999999999 43 999999999 999999999 19 24 46 54 14 999999999 50 999999999 76 57 21 52 25 34 999999999 7 999999999 999999999 78 6 999999999 41 6 999999999 100 55 3 94 55 15 51 999999999 37 999999999 2 73 999999999 32 100 999999999 56 87 70 52 63 999999999 83 999999999 999999999 24 5 999999999 47 999999999 999999999 11 70 999999999 999999999 4 999999999 23 45 
80 51 86 999999999 5 999999999 65 0 999999999 999999999 19 38 17 97 33 999999999 999999999 49 100 73 999999999 999999999 999999999 31 32 56 12 45 37 71 999999999 37 999999999 39 7 999999999 11 73 29 4 66 57 52 2 80 101 999999999 999999999 999999999 26 999999999 999999999 999999999 72 8 999999999 76 87 999999999 94 66 59 87 18 9 999999999 76 22 72 108 84 3 52 81 58 82 51 56 109 11 86 25 42 58 999999999 18 999999999 93 55 25 84 999999999 999999999 999999999 82 19 1 999999999 999999999 101 86 10 56 999999999 87 101 24 999999999 72 999999999 
10 80 999999999 66 89 97 82 96 0 999999999 14 18 99 73 50 109 75 10 80 7 106 93 1 999999999 37 70 84 61 89 999999999 102 4 6 999999999 999999999 86 999999999 57 999999999 999999999 49 37 63 999999999 48 97 24 999999999 96 999999999 36 89 51 104 10 57 999999999 24 2 29 999999999 85 80 91 71 38 28 999999999 50 81 999999999 999999999 14 69 36 999999999 48 76 999999999 999999999 84 999999999 71 999999999 999999999 66 63 74 26 999999999 63 110 25 61 999999999 59 38 8 999999999 95 999999999 22 20 999999999 999999999 5 1 102 999999999 31 
35 89 96 55 50 98 999999999 31 999999999 0 36 60 999999999 8 17 90 90 12 23 71 101 29 82 999999999 12 64 999999999 104 29 108 999999999 97 31 76 999999999 97 999999999 27 99 46 40 48 999999999 999999999 95 71 82 51 91 30 41 49 37 107 999999999 999999999 6 52 999999999 94 71 999999999 90 999999999 999999999 76 57 71 30 93 87 26 105 56 16 64 55 79 83 31 22 31 59 50 999999999 75 57 12 999999999 999999999 22 87 102 13 67 5 42 93 79 37 50 999999999 48 999999999 999999999 37 90 999999999 999999999 999999999 
54 1 70 73 26 999999999 999999999 42 999999999 100 0 999999999 999999999 91 93 999999999 87 77 68 106 999999999 72 25 999999999 28 71 41 22 1 23 24 60 999999999 76 104 10 999999999 97 69 999999999 53 105 53 999999999 73 48 30 999999999 56 20 46 5 999999999 98 66 72 999999999 999999999 87 22 37 999999999 104 1 999999999 76 999999999 88 48 53 11 999999999 999999999 999999999 91 999999999 55 21 11 999999999 22 14 999999999 999999999 44 12 87 999999999 40 56 999999999 33 41 999999999 58 15 67 100 33 81 83 999999999 15 49 100 103 999999999 110 65 12 
999999999 13 999999999 23 106 20 999999999 32 49 10 27 0 999999999 999999999 66 6 83 85 8 14 1 103 51 999999999 57 37 999999999 87 101 48 15 999999999 999999999 999999999 98 69 999999999 999999999 86 999999999 999999999 69 91 999999999 62 95 86 85 999999999 999999999 83 45 25 89 999999999 999999999 68 999999999 8 999999999 35 85 999999999 1 6 999999999 49 6 28 999999999 62 69 999999999 999999999 71 56 18 999999999 31 999999999 999999999 68 999999999 48 999999999 72 29 999999999 999999999 53 97 999999999 43 44 999999999 10 103 69 999999999 102 65 85 999999999 70 80 103 71 25 33 67 
6 999999999 999999999 81 11 999999999 94 999999999 86 3 999999999 2 0 13 101 51 999999999 999999999 45 101 999999999 28 999999999 107 87 999999999 91 104 45 999999999 999999999 51 106 108 37 19 85 46 21 82 40 86 90 999999999 26 42 999999999 52 999999999 999999999 999999999 81 999999999 107 79 102 19 87 64 999999999 999999999 100 61 999999999 999999999 16 75 27 19 51 92 999999999 19 999999999 999999999 27 71 108 999999999 999999999 81 999999999 93 94 107 999999999 999999999 57 25 39 999999999 999999999 6 67 107 51 999999999 70 999999999 21 999999999 999999999 999999999 74 87 42 25 999999999 28 999999999 
86 999999999 54 44 27 64 42 91 51 999999999 64 999999999 999999999 0 35 11 66 999999999 89 12 999999999 999999999 50 999999999 51 999999999 999999999 999999999 34 999999999 7 100 999999999 96 54 16 32 81 999999999 25 63 29 96 999999999 31 10 999999999 999999999 42 109 999999999 50 94 45 24 999999999 999999999 999999999 999999999 999999999 70 79 13 35 59 999999999 999999999 999999999 999999999 99 999999999 26 75 48 12 999999999 999999999 68 40 48 45 2 74 999999999 77 999999999 30 42 83 999999999 91 29 65 90 999999999 999999999 999999999 83 999999999 1 999999999 77 999999999 76 999999999 72 999999999 60 999999999 64 
999999999 999999999 95 33 999999999 999999999 999999999 66 109 999999999 999999999 76 106 13 0 74 999999999 14 999999999 66 56 34 999999999 64 57 38 104 86 43 22 999999999 999999999 999999999 107 999999999 8 75 999999999 60 86 999999999 97 99 61 999999999 82 88 999999999 41 79 61 62 999999999 1 71 999999999 999999999 94 12 84 40 109 8 103 37 88 55 999999999 999999999 999999999 57 999999999 999999999 77 88 33 41 57 21 999999999 999999999 6 1 999999999 23 999999999 999999999 64 52 30 999999999 999999999 999999999 999999999 999999999 999999999 80 105 12 71 26 69 69 30 16 101 69 69 999999999 999999999 
75 106 66 63 999999999 72 87 999999999 999999999 41 36 999999999 32 999999999 93 0 95 59 81 88 999999999 95 10 999999999 999999999 66 105 70 10 105 107 999999999 44 8 98 57 11 42 999999999 16 999999999 54 12 999999999 99 50 104 999999999 999999999 65 69 13 35 999999999 999999999 109 57 999999999 71 999999999 79 85 999999999 999999999 19 84 67 67 999999999 18 100 54 24 2 96 999999999 999999999 999999999 999999999 999999999 999999999 25 999999999 14 33 35 85 13 45 25 35 999999999 106 999999999 999999999 999999999 47 999999999 87 79 2 999999999 999999999 13 28 999999999 999999999 76 999999999 30 
64 10 49 75 34 74 37 94 47 59 999999999 999999999 70 81 80 47 0 44 999999999 76 81 82 64 90 18 999999999 63 27 58 7 106 106 10 13 46 65 999999999 86 999999999 22 999999999 11 4 26 81 1 78 55 59 13 999999999 61 999999999 999999999 999999999 86 7 999999999 61 104 999999999 7 75 42 27 999999999 8 59 999999999 44 999999999 22 999999999 999999999 999999999 16 57 105 27 999999999 999999999 47 11 4 999999999 999999999 16 14 999999999 56 999999999 27 999999999 11 28 71 999999999 80 22 104 37 103 99 100 2 89 999999999 12 999999999 999999999 
999999999 66 43 94 34 43 83 94 999999999 999999999 999999999 100 999999999 106 999999999 53 60 0 999999999 26 48 68 999999999 999999999 18 25 89 23 74 38 66 30 79 15 80 18 999999999 71 69 999999999 19 66 57 49 67 29 20 99 90 999999999 83 105 36 105 999999999 999999999 55 12 1 999999999 999999999 95 100 61 57 37 999999999 98 2 105 49 999999999 65 999999999 70 73 61 98 91 81 999999999 60 999999999 999999999 106 50 71 12 67 999999999 29 999999999 24 999999999 8 13 999999999 999999999 999999999 999999999 16 999999999 26 999999999 86 69 98 89 43 999999999 
84 999999999 29 999999999 63 999999999 86 43 86 35 74 999999999 999999999 13 999999999 24 42 999999999 0 49 4 82 43 4 97 28 999999999 999999999 33 84 109 3 34 80 999999999 20 51 999999999 98 38 74 999999999 50 999999999 78 108 999999999 29 84 50 88 999999999 90 55 999999999 999999999 62 52 96 49 999999999 23 101 14 42 16 999999999 63 28 999999999 6 62 79 21 999999999 999999999 66 107 25 47 106 99 51 999999999 7 97 86 999999999 78 999999999 6 11 999999999 52 25 4 999999999 30 75 102 999999999 999999999 31 30 85 999999999 999999999 34 999999999 999999999 
999999999 90 108 37 64 104 999999999 999999999 94 999999999 60 108 105 999999999 108 82 36 26 999999999 0 80 105 105 76 103 999999999 60 85 1 13 87 78 61 100 13 20 27 999999999 61 101 999999999 58 999999999 98 96 7 19 42 73 999999999 999999999 52 999999999 999999999 41 80 66 999999999 9 17 38 56 109 30 999999999 108 104 98 999999999 999999999 62 34 999999999 31 99 37 19 999999999 30 109 75 63 43 999999999 46 24 999999999 5 41 80 14 999999999 40 18 86 42 999999999 101 999999999 103 999999999 5 999999999 73 83 27 96 85 999999999 999999999 
38 103 1 999999999 999999999 14 83 999999999 51 999999999 10 32 66 100 41 42 36 104 54 48 0 4 28 25 999999999 999999999 999999999 34 31 102 999999999 101 54 999999999 999999999 999999999 22 999999999 999999999 9 74 999999999 29 999999999 13 108 88 999999999 96 999999999 103 999999999 999999999 72 76 107 42 69 24 58 999999999 3 41 30 1 95 86 62 3 999999999 34 44 18 74 31 65 999999999 27 999999999 66 31 19 999999999 33 104 38 999999999 49 81 999999999 50 100 13 999999999 85 61 107 56 90 999999999 43 12 999999999 80 12 109 15 1 999999999 999999999 
55 999999999 999999999 33 52 55 999999999 999999999 999999999 61 999999999 105 77 999999999 65 40 999999999 999999999 6 64 3 0 42 999999999 999999999 94 11 69 63 3 45 65 75 30 999999999 16 77 17 73 99 100 72 71 20 31 66 999999999 83 999999999 17 6 85 85 103 999999999 999999999 999999999 999999999 11 999999999 110 47 3 8 999999999 104 64 999999999 95 38 5 12 77 999999999 51 92 999999999 7 97 39 97 999999999 100 61 999999999 999999999 10 93 999999999 10 70 56 45 999999999 75 105 999999999 28 999999999 77 52 102 90 999999999 49 33 63 110 1 107 
18 54 12 999999999 77 999999999 109 23 999999999 48 99 50 12 29 65 999999999 999999999 104 52 999999999 95 53 0 11 47 29 22 12 61 98 999999999 61 47 12 21 31 10 999999999 85 19 32 14 69 999999999 48 21 999999999 75 999999999 999999999 999999999 65 999999999 999999999 1 46 25 999999999 33 18 999999999 45 74 1 39 54 45 7 58 71 83 94 11 63 35 84 27 61 80 999999999 17 61 11 999999999 999999999 85 101 95 29 44 106 999999999 999999999 13 23 18 999999999 33 56 59 7 103 5 52 31 24 73 107 66 94 
101 105 999999999 999999999 72 16 999999999 91 34 41 103 4 4 23 999999999 16 91 33 48 999999999 13 98 999999999 0 90 27 106 99 999999999 11 68 999999999 25 81 90 38 89 999999999 5 99 82 71 999999999 7 103 90 999999999 999999999 76 97 79 999999999 999999999 18 2 69 999999999 23 52 11 84 98 89 3 11 999999999 65 89 26 999999999 97 38 3 23 7 84 999999999 94 21 55 46 106 999999999 102 999999999 999999999 61 52 105 16 8 34 999999999 102 999999999 87 13 84 81 999999999 103 74 92 999999999 14 4 74 30 999999999 85 
77 57 12 999999999 75 43 40 16 999999999 999999999 57 53 90 4 999999999 999999999 29 999999999 98 999999999 999999999 999999999 999999999 103 0 999999999 68 28 100 71 82 97 999999999 999999999 999999999 61 72 41 106 61 78 1 999999999 999999999 999999999 89 27 39 78 46 999999999 67 78 999999999 999999999 72 22 93 48 65 999999999 28 60 71 999999999 999999999 999999999 999999999 999999999 58 60 20 24 101 999999999 55 68 63 85 100 69 1 25 31 999999999 44 81 30 74 2 56 999999999 999999999 77 999999999 999999999 86 17 88 5 999999999 999999999 24 2 10 95 94 72 10 50 
999999999 4 999999999 999999999 999999999 63 26 44 8 999999999 35 54 35 999999999 999999999 80 64 38 999999999 99 999999999 51 999999999 52 999999999 0 999999999 999999999 57 12 27 66 81 999999999 999999999 72 999999999 77 999999999 104 22 55 999999999 75 999999999 6 99 999999999 84 999999999 83 34 999999999 999999999 55 48 999999999 999999999 21 999999999 27 999999999 27 85 37 108 54 999999999 107 11 12 51 78 999999999 36 66 999999999 98 45 16 999999999 71 60 999999999 51 54 62 24 92 999999999 17 31 105 108 45 90 58 42 46 63 42 27 89 999999999 28 999999999 999999999 55 9 19 
9 28 999999999 100 3 999999999 5 32 999999999 28 999999999 999999999 103 91 45 17 999999999 10 54 999999999 61 999999999 80 67 38 999999999 0 999999999 999999999 26 999999999 19 9 53 1 63 56 31 999999999 88 30 58 16 85 52 999999999 77 99 5 999999999 106 80 42 106 66 999999999 75 34 48 107 77 999999999 88 999999999 92 999999999 11 65 11 32 999999999 27 999999999 74 15 55 90 999999999 48 999999999 999999999 999999999 51 46 10 26 999999999 10 17 38 67 999999999 44 15 45 999999999 101 37 2 999999999 999999999 20 999999999 47 999999999 35 70 98 36 26 
45 23 999999999 9 12 110 93 71 999999999 999999999 66 999999999 100 11 999999999 52 62 85 999999999 999999999 95 80 55 999999999 999999999 59 999999999 0 999999999 78 999999999 26 999999999 999999999 107 999999999 29 107 110 78 13 999999999 999999999 69 102 101 44 999999999 89 70 16 79 999999999 102 3 98 24 60 999999999 999999999 999999999 999999999 92 999999999 63 74 76 103 32 999999999 93 23 46 41 109 70 999999999 69 44 90 27 109 22 85 67 81 4 78 999999999 999999999 42 8 999999999 30 69 6 999999999 104 15 70 999999999 75 999999999 29 52 54 39 40 999999999 79 
44 999999999 999999999 91 999999999 73 52 106 19 999999999 28 37 7 999999999 97 999999999 88 18 65 78 999999999 79 999999999 70 999999999 88 999999999 58 0 999999999 999999999 999999999 11 37 73 16 100 89 69 999999999 106 90 74 999999999 999999999 51 999999999 38 10 76 999999999 20 73 107 3 16 78 23 77 999999999 56 36 999999999 82 999999999 53 43 999999999 63 64 999999999 12 86 68 104 23 43 6 100 999999999 94 53 54 2 18 56 999999999 81 25 40 11 61 38 15 999999999 31 1 103 7 9 999999999 999999999 999999999 4 999999999 37 28 999999999 999999999 999999999 
68 13 90 5 65 999999999 999999999 76 51 47 999999999 999999999 41 48 72 48 999999999 55 999999999 999999999 999999999 41 62 67 104 999999999 999999999 999999999 35 0 7 110 76 81 94 51 17 999999999 58 999999999 1 23 92 999999999 56 89 59 28 999999999 65 68 18 30 21 35 86 90 999999999 999999999 999999999 64 90 87 42 999999999 24 98 58 999999999 999999999 100 72 96 999999999 999999999 82 52 42 17 37 65 15 16 17 78 999999999 70 39 110 34 8 75 4 14 21 999999999 6 27 999999999 39 29 43 102 78 29 104 45 105 32 999999999 
51 36 29 43 102 39 56 61 999999999 20 68 79 30 999999999 95 48 999999999 21 52 24 67 23 999999999 999999999 999999999 999999999 51 60 39 999999999 0 999999999 999999999 27 22 999999999 1 999999999 43 4 91 38 999999999 106 52 28 89 999999999 999999999 6 999999999 6 10 999999999 20 41 999999999 67 10 97 999999999 24 47 53 50 2 98 999999999 43 999999999 82 109 105 40 19 999999999 98 38 56 59 59 80 58 15 97 999999999 95 23 103 40 82 999999999 27 65 90 48 92 17 999999999 15 86 33 14 20 999999999 999999999 77 79 62 9 
43 109 60 105 92 999999999 69 999999999 54 999999999 70 55 999999999 999999999 64 999999999 49 999999999 999999999 999999999 26 85 67 53 999999999 90 18 82 7 6 999999999 0 102 65 24 53 65 30 999999999 2 2 999999999 63 76 999999999 10 48 58 89 43 74 66 64 33 32 12 999999999 999999999 3 45 999999999 26 83 19 48 999999999 95 105 12 65 999999999 1 999999999 999999999 101 24 999999999 999999999 58 72 13 106 999999999 77 999999999 17 46 109 46 105 107 999999999 999999999 999999999 83 999999999 67 89 81 4 999999999 9 45 30 99 94 60 56 29 999999999 
73 15 97 103 88 80 999999999 22 103 999999999 999999999 999999999 70 96 15 58 83 999999999 999999999 62 81 49 81 110 100 999999999 14 999999999 71 999999999 17 92 0 39 97 21 52 999999999 999999999 47 107 999999999 999999999 72 1 11 1 28 52 50 13 102 107 36 999999999 999999999 19 80 105 999999999 10 999999999 999999999 999999999 999999999 6 61 999999999 999999999 42 88 89 999999999 999999999 9 9 74 61 999999999 999999999 21 32 999999999 96 8 12 79 7 1 51 15 67 999999999 57 76 999999999 74 999999999 41 999999999 8 39 30 23 57 81 34 83 45 2 
2 52 92 999999999 18 4 97 15 69 47 999999999 999999999 35 37 98 9 48 19 99 20 15 999999999 66 30 999999999 9 44 90 50 19 999999999 98 93 0 999999999 9 999999999 87 70 999999999 999999999 999999999 18 104 999999999 999999999 107 48 40 101 999999999 999999999 48 54 56 27 999999999 74 999999999 999999999 87 13 71 999999999 19 999999999 71 79 86 44 22 5 11 87 999999999 7 19 70 41 58 101 90 83 999999999 7 20 999999999 999999999 15 101 89 23 68 3 999999999 3 83 999999999 999999999 102 99 109 78 42 27 999999999 999999999 39 999999999 16 
4 66 35 999999999 46 39 999999999 89 36 104 94 102 94 105 999999999 999999999 999999999 999999999 49 55 999999999 19 71 999999999 68 999999999 103 102 90 999999999 72 34 44 21 0 31 29 30 999999999 1 82 999999999 86 56 92 101 71 41 62 107 57 999999999 999999999 999999999 31 18 999999999 63 22 999999999 23 34 17 43 91 19 11 999999999 104 76 2 77 74 54 15 31 21 12 999999999 999999999 62 80 999999999 94 999999999 999999999 999999999 999999999 1 999999999 999999999 80 88 999999999 999999999 72 6 36 15 104 62 999999999 43 999999999 34 19 99 105 54 999999999 
10 44 64 999999999 62 32 97 8 999999999 999999999 52 49 12 73 83 14 51 92 999999999 18 999999999 999999999 31 105 999999999 999999999 36 999999999 28 75 23 999999999 3 22 52 0 40 999999999 999999999 34 27 8 69 94 42 44 9 71 999999999 79 32 54 64 15 104 999999999 999999999 999999999 37 999999999 999999999 77 93 51 78 64 999999999 61 42 75 48 48 15 7 14 999999999 46 34 999999999 33 14 999999999 66 999999999 104 95 999999999 999999999 7 67 101 18 999999999 110 58 43 96 56 30 999999999 45 28 999999999 999999999 94 999999999 87 80 999999999 91 
56 999999999 51 25 8 999999999 91 72 97 85 39 65 999999999 107 999999999 21 90 999999999 66 999999999 86 7 95 49 79 44 999999999 41 999999999 999999999 72 66 20 49 999999999 70 0 999999999 32 21 56 30 91 69 62 999999999 79 74 999999999 7 999999999 109 29 93 73 999999999 999999999 9 34 61 999999999 16 28 26 28 999999999 999999999 43 999999999 76 49 48 75 999999999 37 999999999 68 999999999 16 101 999999999 25 25 90 31 999999999 999999999 102 999999999 44 999999999 45 98 18 999999999 999999999 96 108 13 73 69 51 999999999 110 999999999 999999999 76 81 101 99 
93 56 82 23 109 999999999 23 77 71 74 2 56 999999999 79 106 999999999 76 54 14 73 52 3 83 96 63 999999999 999999999 26 999999999 79 66 107 17 42 25 89 999999999 0 999999999 95 54 85 999999999 999999999 999999999 79 999999999 999999999 83 999999999 45 100 999999999 46 6 50 52 67 999999999 35 3 37 999999999 3 23 999999999 999999999 68 95 999999999 19 999999999 999999999 28 109 999999999 110 98 67 999999999 3 73 999999999 13 53 75 91 60 103 76 41 48 33 999999999 999999999 100 10 999999999 73 999999999 999999999 21 105 47 94 999999999 999999999 999999999 999999999 46 
17 62 10 999999999 51 999999999 92 999999999 28 999999999 999999999 79 69 999999999 95 999999999 999999999 28 96 999999999 48 999999999 999999999 71 27 67 44 16 43 999999999 35 29 999999999 19 999999999 92 20 81 0 89 108 2 19 46 46 999999999 75 66 4 16 85 85 62 999999999 999999999 39 999999999 31 999999999 31 69 999999999 23 91 35 80 999999999 999999999 49 24 53 55 14 74 99 999999999 999999999 74 52 999999999 38 999999999 999999999 12 32 22 999999999 63 70 99 76 999999999 21 108 999999999 66 999999999 999999999 15 104 999999999 88 16 18 37 47 67 27 45 104 
85 89 67 10 68 999999999 12 72 999999999 82 999999999 999999999 25 999999999 67 32 110 59 37 52 6 33 56 44 64 66 2 95 999999999 75 72 3 999999999 999999999 33 999999999 8 83 88 0 47 999999999 1 34 33 43 72 9 89 69 61 999999999 47 105 8 70 79 50 999999999 86 999999999 51 104 20 13 20 92 10 999999999 17 107 94 999999999 999999999 32 1 27 49 68 35 46 58 43 33 999999999 3 999999999 999999999 21 53 12 56 999999999 999999999 43 47 70 999999999 97 25 48 68 999999999 999999999 89 1 66 999999999 38 18 
68 62 41 90 79 16 28 71 65 23 54 999999999 90 38 5 999999999 18 85 68 20 999999999 81 16 102 42 36 999999999 999999999 82 1 59 13 11 999999999 28 999999999 38 999999999 999999999 66 0 90 6 999999999 87 999999999 999999999 999999999 999999999 80 35 67 97 29 999999999 999999999 20 999999999 89 6 999999999 10 101 91 999999999 4 14 58 36 3 92 48 28 98 999999999 20 60 23 999999999 999999999 26 25 39 46 999999999 36 52 73 68 999999999 26 28 40 60 999999999 999999999 60 999999999 100 92 35 999999999 52 10 999999999 999999999 91 110 59 999999999 
999999999 999999999 75 999999999 16 101 999999999 12 100 103 5 6 999999999 999999999 35 107 999999999 999999999 94 999999999 101 8 26 49 95 92 6 999999999 91 80 999999999 68 84 999999999 53 84 89 40 65 7 82 0 999999999 999999999 93 30 999999999 999999999 13 69 4 999999999 62 51 51 27 107 17 14 76 999999999 23 82 73 2 13 89 70 22 999999999 76 78 80 999999999 999999999 52 45 999999999 16 41 95 28 42 999999999 93 98 61 39 27 61 16 95 28 999999999 49 83 28 999999999 999999999 999999999 94 75 12 999999999 999999999 59 74 999999999 83 45 
999999999 999999999 28 77 69 37 999999999 999999999 999999999 46 999999999 58 999999999 999999999 76 72 65 999999999 999999999 102 999999999 97 71 1 12 69 55 69 999999999 25 4 14 34 84 81 39 69 999999999 109 17 4 58 0 65 999999999 110 99 5 52 999999999 85 72 18 999999999 1 87 17 999999999 999999999 27 50 85 110 56 77 19 999999999 999999999 14 9 57 102 999999999 19 34 999999999 96 999999999 999999999 40 19 55 9 999999999 999999999 38 999999999 9 34 69 31 46 4 999999999 94 999999999 42 40 77 999999999 999999999 11 999999999 31 38 28 59 88 25 37 
51 999999999 999999999 79 1 999999999 999999999 49 999999999 104 11 19 51 85 72 6 34 21 56 999999999 37 999999999 999999999 63 999999999 34 17 48 75 999999999 54 999999999 12 14 27 999999999 45 16 15 999999999 999999999 999999999 46 0 999999999 24 3 82 8 109 999999999 40 86 45 41 999999999 59 101 53 999999999 1 36 999999999 999999999 75 52 47 19 13 62 68 999999999 999999999 76 999999999 999999999 89 79 78 91 95 66 109 79 30 45 32 999999999 999999999 999999999 999999999 99 29 999999999 59 32 89 106 12 999999999 27 24 999999999 999999999 19 11 62 48 999999999 91 
53 80 999999999 999999999 999999999 16 88 28 53 1 64 9 69 14 86 89 999999999 4 999999999 46 99 43 999999999 95 83 54 33 107 99 999999999 999999999 97 79 1 80 999999999 26 69 103 999999999 999999999 53 54 38 0 999999999 36 999999999 999999999 999999999 3 66 52 999999999 30 3 57 999999999 999999999 999999999 999999999 8 81 41 999999999 82 999999999 999999999 999999999 63 999999999 70 42 999999999 999999999 11 69 999999999 999999999 999999999 1 109 999999999 1 999999999 999999999 37 37 80 33 19 45 51 19 999999999 63 23 38 999999999 88 22 103 20 54 65 101 25 64 999999999 7 
999999999 999999999 94 78 47 107 11 92 62 95 999999999 999999999 11 35 60 999999999 48 14 999999999 38 107 999999999 57 24 71 5 999999999 9 999999999 58 58 61 43 18 26 41 42 97 39 62 99 94 999999999 51 30 0 999999999 999999999 96 24 69 999999999 75 90 66 90 999999999 74 83 2 999999999 999999999 100 20 999999999 8 92 35 999999999 93 33 27 21 999999999 45 999999999 19 999999999 92 70 79 45 999999999 999999999 79 999999999 66 999999999 92 999999999 999999999 78 102 38 90 75 1 74 58 93 14 999999999 19 999999999 999999999 999999999 87 999999999 999999999 5 
999999999 85 41 61 83 68 38 78 106 12 999999999 999999999 44 999999999 70 33 47 19 105 28 55 999999999 104 999999999 999999999 10 83 61 999999999 94 999999999 66 999999999 999999999 105 6 16 999999999 999999999 16 110 42 999999999 9 65 64 0 62 91 79 32 16 999999999 63 84 999999999 999999999 999999999 41 999999999 999999999 999999999 36 999999999 999999999 999999999 1 44 106 4 999999999 999999999 999999999 8 25 999999999 13 999999999 999999999 35 999999999 90 999999999 24 57 61 74 999999999 29 91 999999999 1 999999999 107 105 88 42 999999999 97 77 999999999 72 27 11 67 106 74 57 68 999999999 
999999999 106 10 999999999 66 999999999 16 999999999 72 3 26 104 31 999999999 73 70 31 9 91 85 84 65 999999999 102 78 2 74 999999999 18 6 92 999999999 999999999 6 2 999999999 103 33 90 999999999 19 999999999 80 29 999999999 999999999 11 0 10 98 109 79 999999999 999999999 12 999999999 999999999 58 999999999 24 3 21 42 110 77 999999999 81 96 999999999 41 64 999999999 20 999999999 53 57 89 100 78 80 85 999999999 96 89 32 999999999 17 61 75 6 25 999999999 999999999 17 84 999999999 58 57 91 87 999999999 12 109 999999999 61 999999999 999999999 93 96 48 
60 108 999999999 5 57 12 999999999 75 2 90 104 63 72 999999999 14 12 69 999999999 999999999 3 30 47 999999999 12 12 999999999 8 999999999 46 77 56 1 34 48 87 999999999 4 9 14 999999999 47 999999999 35 24 28 999999999 74 30 0 106 101 999999999 102 15 105 34 999999999 46 69 85 97 92 87 999999999 5 13 63 59 62 35 41 108 999999999 23 55 23 6 36 87 999999999 999999999 12 999999999 45 92 89 999999999 999999999 28 56 106 999999999 999999999 999999999 41 90 999999999 27 44 96 999999999 64 51 98 62 24 999999999 20 999999999 999999999 
21 3 103 999999999 30 69 999999999 75 22 100 98 999999999 999999999 999999999 999999999 66 53 13 45 78 93 999999999 999999999 48 34 99 98 999999999 95 11 1 999999999 50 107 80 23 25 109 71 999999999 58 99 88 77 49 15 47 82 999999999 0 18 82 3 999999999 29 999999999 77 104 92 999999999 999999999 36 11 10 999999999 999999999 60 11 50 73 61 77 35 68 95 32 999999999 42 999999999 9 999999999 106 999999999 91 58 999999999 30 101 999999999 999999999 100 7 32 66 999999999 3 999999999 77 109 999999999 54 109 66 78 999999999 63 3 7 999999999 999999999 
3 20 99 110 999999999 999999999 999999999 56 74 7 999999999 999999999 999999999 63 96 36 20 78 999999999 44 14 5 33 999999999 999999999 16 79 52 999999999 73 999999999 74 72 19 999999999 78 8 97 85 83 71 40 999999999 24 999999999 39 60 55 8 999999999 0 27 999999999 42 58 999999999 70 80 100 104 999999999 72 12 999999999 36 79 66 55 43 50 51 26 999999999 34 16 22 999999999 90 46 86 12 47 53 18 39 999999999 85 999999999 35 96 24 75 88 999999999 999999999 19 25 11 999999999 12 99 75 999999999 54 26 10 14 7 21 78 
20 65 60 50 100 10 55 999999999 52 999999999 92 97 69 999999999 999999999 999999999 30 53 76 999999999 33 999999999 93 52 23 24 13 92 999999999 999999999 15 999999999 76 22 79 54 50 76 999999999 32 47 94 40 3 41 52 999999999 58 34 85 999999999 0 75 999999999 91 999999999 8 999999999 28 999999999 53 73 999999999 61 999999999 69 70 80 66 74 78 19 75 999999999 80 66 999999999 999999999 30 999999999 94 48 999999999 999999999 51 4 999999999 79 999999999 103 59 84 45 12 58 47 999999999 22 999999999 31 72 35 85 96 35 70 14 107 39 100 
55 17 999999999 110 62 999999999 50 999999999 31 53 999999999 18 6 86 32 25 999999999 37 31 999999999 70 999999999 999999999 999999999 85 103 72 999999999 79 999999999 29 12 1 4 109 107 45 85 999999999 45 43 39 999999999 999999999 82 14 999999999 29 68 999999999 11 999999999 0 999999999 80 68 999999999 91 999999999 67 46 73 70 8 999999999 86 999999999 94 999999999 56 36 80 23 999999999 15 999999999 999999999 29 999999999 63 999999999 11 25 12 109 75 82 37 13 38 35 97 89 48 3 93 95 999999999 999999999 36 999999999 72 106 45 16 73 4 14 47 999999999 
46 999999999 22 80 72 53 82 104 37 999999999 999999999 8 101 82 23 28 96 74 999999999 999999999 22 42 999999999 51 79 999999999 94 24 999999999 34 71 66 50 78 109 29 77 45 77 70 53 999999999 999999999 109 85 29 103 49 110 107 69 999999999 14 0 100 999999999 29 999999999 999999999 89 84 92 66 7 100 59 57 999999999 5 44 105 32 63 22 66 87 49 23 999999999 999999999 62 96 41 999999999 108 24 999999999 999999999 999999999 18 63 60 18 17 60 78 61 24 94 54 13 1 33 95 87 999999999 10 83 999999999 15 
45 84 15 70 999999999 999999999 65 16 72 10 999999999 101 86 14 7 103 999999999 999999999 999999999 999999999 34 45 98 85 60 92 999999999 999999999 9 5 32 31 14 10 65 22 999999999 16 105 22 42 999999999 3 999999999 59 32 92 63 77 75 34 1 999999999 85 0 13 999999999 41 20 70 71 37 999999999 46 999999999 53 44 38 8 999999999 104 2 52 999999999 999999999 81 89 59 48 73 46 1 56 83 7 2 94 999999999 999999999 75 2 54 36 999999999 19 9 999999999 59 999999999 97 110 95 999999999 65 62 52 999999999 999999999 13 999999999 
65 31 999999999 110 999999999 999999999 38 999999999 999999999 999999999 77 53 62 43 999999999 85 999999999 91 25 110 22 74 25 76 34 12 10 999999999 6 999999999 32 78 20 67 999999999 73 999999999 44 91 999999999 103 94 102 999999999 46 999999999 33 999999999 109 999999999 87 71 999999999 83 89 0 999999999 74 999999999 22 90 53 35 9 57 109 26 35 16 94 96 999999999 23 999999999 83 29 62 39 36 99 999999999 87 999999999 12 999999999 30 106 85 32 106 84 25 999999999 60 999999999 999999999 59 999999999 70 8 58 2 63 37 47 999999999 33 58 13 999999999 
61 90 52 1 49 58 999999999 91 20 59 36 999999999 999999999 74 999999999 999999999 999999999 79 15 7 98 62 97 999999999 99 63 999999999 999999999 71 56 999999999 26 999999999 999999999 999999999 49 999999999 49 999999999 107 999999999 12 999999999 24 68 40 27 51 999999999 7 999999999 34 48 63 27 999999999 0 27 75 4 97 68 97 20 4 12 999999999 999999999 999999999 42 59 45 83 90 70 14 102 999999999 62 75 109 999999999 95 87 110 54 50 2 39 5 82 18 999999999 999999999 7 41 12 999999999 45 28 88 71 24 1 3 80 36 78 84 36 
999999999 38 999999999 14 76 65 999999999 14 999999999 96 58 999999999 37 999999999 104 999999999 999999999 40 84 999999999 75 67 78 999999999 88 999999999 100 80 46 24 999999999 999999999 43 30 92 56 47 89 999999999 51 5 55 59 999999999 999999999 44 75 999999999 88 18 58 49 95 47 999999999 45 14 0 999999999 94 31 86 27 3 26 70 999999999 999999999 85 999999999 68 78 96 10 999999999 63 23 27 100 999999999 36 37 999999999 999999999 33 999999999 53 40 6 83 5 999999999 101 65 26 23 92 92 999999999 102 999999999 13 74 77 999999999 999999999 61 21 100 999999999 
93 999999999 7 42 39 25 48 23 5 59 108 53 32 66 999999999 999999999 40 101 999999999 79 12 999999999 26 109 999999999 15 23 4 53 20 47 101 83 30 4 999999999 77 999999999 51 999999999 999999999 3 23 91 70 999999999 93 80 59 999999999 67 83 98 65 51 999999999 38 31 0 19 83 999999999 68 999999999 50 999999999 66 70 999999999 82 92 78 16 999999999 999999999 72 89 53 40 83 31 12 110 999999999 1 95 110 74 88 999999999 84 42 27 32 105 108 10 999999999 43 10 73 60 34 78 999999999 102 103 88 69 42 
34 999999999 6 999999999 35 92 29 76 23 999999999 57 28 61 999999999 47 999999999 38 105 999999999 68 12 999999999 91 83 999999999 96 79 999999999 64 999999999 999999999 12 39 999999999 999999999 999999999 79 50 78 63 59 37 999999999 64 999999999 95 999999999 83 999999999 75 35 23 78 103 110 86 88 999999999 59 0 999999999 999999999 13 87 73 17 41 43 51 14 99 90 999999999 27 61 64 27 97 31 74 999999999 75 999999999 33 999999999 999999999 36 94 79 999999999 17 49 999999999 106 45 88 999999999 88 999999999 999999999 48 31 999999999 40 999999999 95 999999999 50 100 74 
999999999 71 999999999 999999999 999999999 999999999 64 999999999 99 77 20 85 35 13 6 88 999999999 32 999999999 86 999999999 55 79 30 9 32 64 3 999999999 86 7 999999999 32 100 62 13 22 28 91 31 51 100 88 71 24 999999999 999999999 999999999 75 999999999 93 44 86 999999999 15 16 999999999 41 74 999999999 0 999999999 999999999 7 999999999 8 97 999999999 999999999 74 35 999999999 82 999999999 66 95 22 102 13 104 38 58 999999999 7 999999999 11 999999999 74 999999999 31 48 1 86 6 999999999 999999999 5 99 55 999999999 999999999 106 3 999999999 70 12 62 999999999 101 23 
102 999999999 37 2 82 28 999999999 999999999 999999999 36 34 3 999999999 97 109 62 15 999999999 89 29 62 999999999 33 69 999999999 56 43 999999999 999999999 999999999 36 46 8 54 20 26 68 41 10 24 68 82 999999999 999999999 999999999 68 66 999999999 999999999 37 28 999999999 999999999 110 105 85 110 78 71 92 54 0 95 65 73 108 110 95 77 999999999 999999999 999999999 68 25 85 48 999999999 41 66 25 999999999 32 95 999999999 43 84 999999999 999999999 8 24 110 999999999 26 36 43 35 101 999999999 10 75 80 66 15 70 999999999 999999999 999999999 62 999999999 29 
50 19 999999999 100 4 31 74 999999999 68 83 34 27 50 93 2 35 10 999999999 97 55 15 75 999999999 61 999999999 31 40 9 999999999 999999999 999999999 999999999 999999999 23 56 86 102 94 999999999 999999999 999999999 22 7 999999999 107 999999999 13 5 999999999 66 999999999 25 19 32 999999999 85 99 999999999 56 999999999 94 87 0 72 101 999999999 999999999 91 999999999 999999999 102 104 50 101 86 20 99 37 98 79 4 999999999 999999999 62 43 85 15 31 79 999999999 999999999 999999999 999999999 45 999999999 95 32 28 71 13 999999999 999999999 83 999999999 999999999 999999999 999999999 23 999999999 63 
999999999 37 57 57 13 20 101 20 999999999 999999999 41 999999999 81 79 999999999 999999999 999999999 40 52 88 29 96 43 10 999999999 36 999999999 24 999999999 999999999 66 72 999999999 999999999 88 107 999999999 28 109 8 999999999 10 17 100 42 101 75 43 999999999 999999999 999999999 7 999999999 15 104 999999999 21 10 84 999999999 24 999999999 27 0 999999999 999999999 79 999999999 3 101 65 97 76 999999999 85 40 999999999 999999999 92 87 59 76 74 24 60 999999999 77 999999999 65 74 999999999 11 999999999 999999999 11 61 9 100 104 999999999 46 91 89 102 39 59 999999999 7 73 69 
44 999999999 999999999 72 32 42 40 22 55 999999999 999999999 99 999999999 999999999 13 34 999999999 63 999999999 43 71 999999999 999999999 53 999999999 60 44 93 80 21 47 88 43 79 95 101 28 68 22 77 49 56 35 999999999 73 999999999 54 999999999 104 100 73 15 999999999 84 73 999999999 20 17 42 104 95 999999999 999999999 999999999 0 44 4 92 107 81 48 999999999 999999999 999999999 7 90 95 999999999 25 7 104 999999999 49 999999999 107 28 5 89 75 39 23 18 73 41 999999999 999999999 64 999999999 88 97 92 37 32 69 88 81 93 30 999999999 47 
999999999 7 999999999 105 12 55 999999999 62 999999999 32 14 26 999999999 4 999999999 2 91 55 70 49 76 999999999 999999999 52 999999999 38 105 999999999 67 999999999 999999999 999999999 999999999 15 36 41 44 999999999 25 85 71 41 84 105 49 999999999 110 81 85 71 999999999 999999999 999999999 999999999 999999999 23 2 999999999 83 75 38 2 56 66 102 0 999999999 106 999999999 999999999 21 999999999 999999999 90 83 2 67 27 78 999999999 54 999999999 31 48 108 53 29 84 65 19 999999999 999999999 999999999 999999999 999999999 999999999 68 97 30 999999999 54 93 999999999 38 21 55 999999999 103 34 6 
999999999 61 87 97 999999999 83 27 10 36 999999999 3 999999999 999999999 18 50 999999999 45 91 7 3 51 999999999 98 6 51 4 999999999 999999999 999999999 107 110 2 89 999999999 38 54 101 82 13 44 91 999999999 2 999999999 97 999999999 21 999999999 999999999 999999999 999999999 23 2 69 74 999999999 999999999 999999999 999999999 999999999 999999999 39 35 96 999999999 69 0 93 71 104 61 36 999999999 44 83 105 83 44 52 60 5 80 999999999 62 999999999 999999999 7 11 999999999 78 999999999 999999999 75 999999999 37 19 99 88 80 84 999999999 18 21 999999999 21 89 999999999 87 63 999999999 
102 999999999 21 110 999999999 999999999 16 107 999999999 70 999999999 33 90 3 91 999999999 10 75 109 39 8 45 71 999999999 76 11 52 76 103 40 45 38 999999999 107 39 999999999 25 71 999999999 73 85 999999999 999999999 81 52 999999999 999999999 39 103 93 89 999999999 75 67 999999999 17 999999999 42 51 21 999999999 54 999999999 999999999 29 93 105 0 39 9 28 26 36 108 49 999999999 37 109 999999999 999999999 19 52 999999999 55 999999999 106 999999999 84 64 102 103 999999999 999999999 83 999999999 999999999 110 96 999999999 67 56 999999999 999999999 70 28 81 999999999 999999999 7 51 
86 14 87 53 68 7 70 999999999 999999999 68 61 4 86 91 999999999 77 82 999999999 999999999 60 58 70 999999999 999999999 11 31 39 32 76 64 98 999999999 60 999999999 9 57 7 58 105 107 49 999999999 58 48 56 999999999 76 999999999 73 999999999 999999999 999999999 999999999 62 999999999 999999999 92 999999999 92 999999999 999999999 41 20 27 2 71 60 999999999 0 6 32 999999999 95 21 47 20 38 999999999 40 999999999 49 4 99 999999999 72 999999999 33 47 47 93 999999999 66 75 28 999999999 999999999 109 31 999999999 75 999999999 79 47 69 12 46 19 999999999 999999999 999999999 
107 21 999999999 999999999 106 39 80 80 999999999 82 85 53 57 104 999999999 999999999 999999999 49 94 75 999999999 12 96 999999999 53 10 57 101 66 999999999 77 85 999999999 2 26 57 83 30 56 9 999999999 999999999 72 999999999 999999999 43 97 999999999 26 90 999999999 80 85 40 92 72 76 999999999 45 37 30 97 7 44 70 999999999 100 27 57 0 999999999 1 999999999 50 105 999999999 999999999 29 6 999999999 41 91 20 98 60 999999999 25 999999999 57 999999999 107 999999999 999999999 107 11 56 104 26 999999999 76 84 999999999 79 10 56 58 84 17 999999999 999999999 
77 999999999 90 999999999 999999999 38 86 68 999999999 36 102 57 999999999 50 50 32 999999999 90 90 88 45 101 83 999999999 107 26 87 70 76 999999999 84 7 999999999 999999999 999999999 59 999999999 39 999999999 999999999 86 55 60 89 107 999999999 95 62 999999999 98 999999999 88 76 78 999999999 24 46 999999999 105 15 999999999 108 31 89 999999999 999999999 999999999 999999999 999999999 6 0 96 93 999999999 999999999 24 85 84 90 40 35 2 95 38 5 33 999999999 23 44 25 999999999 999999999 102 999999999 56 999999999 103 1 62 4 82 19 999999999 29 999999999 50 999999999 40 67 999999999 
62 107 41 65 41 33 999999999 55 33 999999999 999999999 999999999 25 999999999 999999999 999999999 999999999 78 999999999 45 104 29 73 88 12 43 42 56 34 109 92 41 24 109 26 37 2 49 91 46 999999999 25 43 61 999999999 2 36 31 14 61 34 999999999 77 79 999999999 999999999 999999999 109 72 22 999999999 104 82 11 999999999 999999999 71 65 110 101 78 0 6 57 102 20 999999999 999999999 36 999999999 20 77 109 999999999 8 74 64 27 90 999999999 82 24 999999999 2 69 76 999999999 26 98 94 21 27 82 28 110 999999999 102 90 999999999 999999999 
999999999 999999999 39 76 19 5 76 999999999 75 999999999 8 999999999 66 40 18 100 999999999 107 1 11 100 15 97 88 103 22 55 999999999 9 100 999999999 79 13 999999999 44 104 74 52 999999999 6 99 54 61 999999999 92 999999999 88 91 66 16 999999999 35 999999999 41 24 999999999 999999999 41 51 73 999999999 109 999999999 999999999 999999999 28 7 999999999 95 106 999999999 42 0 27 3 999999999 98 999999999 999999999 97 999999999 85 32 47 999999999 20 75 89 49 4 12 96 83 999999999 91 65 999999999 102 999999999 999999999 43 57 2 999999999 999999999 37 20 999999999 999999999 44 
999999999 85 95 38 79 999999999 999999999 48 89 49 999999999 999999999 14 999999999 30 107 999999999 999999999 104 999999999 999999999 62 58 63 999999999 999999999 82 999999999 14 6 44 80 999999999 999999999 999999999 14 49 67 999999999 999999999 999999999 999999999 55 110 999999999 999999999 26 27 999999999 999999999 999999999 79 999999999 85 68 85 105 65 999999999 49 34 104 75 41 36 67 108 84 108 999999999 69 20 999999999 0 47 999999999 999999999 999999999 78 27 999999999 999999999 63 999999999 16 999999999 999999999 67 46 999999999 84 1 85 999999999 103 999999999 23 25 64 69 36 999999999 31 999999999 48 56 999999999 109 75 11 
999999999 107 999999999 999999999 63 999999999 56 999999999 76 12 103 57 66 999999999 72 10 94 9 999999999 999999999 38 104 999999999 15 97 999999999 65 22 999999999 5 999999999 65 999999999 32 38 102 71 74 999999999 31 999999999 16 999999999 103 999999999 999999999 999999999 999999999 98 99 104 13 100 999999999 44 999999999 43 999999999 999999999 17 85 999999999 43 100 999999999 55 91 108 74 92 16 57 999999999 34 0 107 10 13 55 999999999 60 45 999999999 62 999999999 107 97 41 95 999999999 999999999 75 999999999 37 64 26 66 999999999 36 999999999 999999999 999999999 999999999 999999999 99 999999999 7 25 999999999 999999999 
32 3 23 999999999 80 44 42 19 999999999 999999999 82 101 15 49 44 92 999999999 78 85 46 18 999999999 11 999999999 18 92 999999999 76 39 999999999 69 46 90 999999999 100 999999999 99 90 52 999999999 999999999 999999999 999999999 999999999 94 90 78 73 17 999999999 999999999 32 999999999 98 71 106 14 44 83 61 29 16 92 76 74 36 101 51 98 999999999 57 78 31 60 16 0 30 5 999999999 19 5 999999999 999999999 25 61 33 999999999 82 999999999 101 999999999 99 93 39 999999999 52 999999999 51 109 999999999 999999999 94 4 999999999 11 999999999 999999999 13 93 31 
98 36 80 15 90 999999999 999999999 28 59 108 999999999 999999999 999999999 110 999999999 7 16 54 999999999 999999999 74 98 6 27 89 67 999999999 999999999 106 10 15 999999999 999999999 79 82 999999999 35 50 36 59 999999999 99 53 999999999 20 59 9 17 57 999999999 60 34 999999999 27 42 999999999 16 999999999 999999999 999999999 74 40 44 49 37 999999999 81 15 54 54 999999999 63 999999999 9 56 73 0 27 40 999999999 90 999999999 79 999999999 999999999 35 999999999 108 8 999999999 41 999999999 999999999 999999999 79 32 27 104 999999999 999999999 107 62 41 999999999 999999999 74 83 999999999 69 999999999 
70 67 108 999999999 6 999999999 999999999 999999999 74 51 14 9 39 999999999 999999999 999999999 999999999 58 48 999999999 50 999999999 17 38 10 999999999 63 999999999 999999999 999999999 24 49 58 12 11 1 21 37 41 67 999999999 999999999 999999999 102 999999999 999999999 25 7 91 62 88 50 80 999999999 62 25 999999999 5 999999999 38 97 36 42 57 41 36 100 999999999 97 999999999 26 70 19 84 32 82 54 0 3 75 89 999999999 39 10 21 51 71 18 80 999999999 94 87 3 27 76 40 999999999 82 4 999999999 999999999 99 72 45 44 32 109 39 79 79 
999999999 94 27 7 5 108 999999999 85 95 63 999999999 93 61 999999999 46 999999999 46 21 5 84 50 48 999999999 57 999999999 53 89 110 106 82 999999999 1 999999999 25 41 92 86 76 999999999 999999999 105 70 50 999999999 97 4 97 96 95 68 999999999 999999999 89 53 10 46 23 78 36 41 7 999999999 999999999 999999999 44 92 107 999999999 999999999 999999999 999999999 99 999999999 15 999999999 999999999 94 5 0 26 11 999999999 87 999999999 86 82 42 16 106 93 40 46 71 999999999 7 108 98 999999999 999999999 55 51 51 70 999999999 3 94 999999999 999999999 999999999 32 
3 5 85 999999999 97 24 999999999 87 999999999 999999999 3 76 62 69 999999999 15 48 94 109 50 16 40 8 8 105 57 101 999999999 43 999999999 999999999 44 8 999999999 24 62 78 999999999 999999999 999999999 77 999999999 5 57 88 9 95 14 94 79 999999999 999999999 999999999 999999999 88 999999999 999999999 15 108 14 999999999 999999999 18 999999999 5 91 999999999 4 77 100 35 66 999999999 23 999999999 26 999999999 75 19 0 36 56 999999999 9 19 104 7 21 42 88 999999999 107 68 68 38 44 30 999999999 55 51 38 4 81 22 999999999 84 999999999 999999999 999999999 83 
44 999999999 98 40 999999999 11 19 999999999 46 59 999999999 999999999 80 999999999 101 11 51 999999999 999999999 999999999 81 29 58 999999999 999999999 18 999999999 62 73 25 96 90 999999999 999999999 75 14 93 2 67 999999999 11 68 64 999999999 42 10 999999999 44 33 82 27 104 80 999999999 63 52 16 36 999999999 47 58 999999999 84 47 999999999 999999999 11 48 55 999999999 999999999 79 999999999 59 34 43 94 49 79 57 0 93 999999999 999999999 53 106 2 999999999 69 999999999 92 101 4 999999999 999999999 108 999999999 31 29 81 63 33 73 78 75 999999999 56 82 999999999 9 
999999999 20 999999999 20 999999999 33 54 55 999999999 999999999 65 72 9 999999999 39 17 26 999999999 999999999 37 999999999 71 35 999999999 42 16 3 17 65 999999999 67 68 44 999999999 999999999 999999999 54 100 64 15 97 72 86 7 999999999 999999999 86 999999999 32 35 33 99 78 999999999 105 103 999999999 12 999999999 98 83 999999999 999999999 20 102 55 999999999 96 999999999 21 999999999 92 999999999 20 999999999 77 37 46 24 999999999 999999999 0 46 6 78 999999999 35 999999999 57 99 62 19 42 15 84 82 999999999 95 9 999999999 97 4 1 999999999 999999999 45 12 999999999 999999999 999999999 
35 105 100 85 17 58 65 75 36 999999999 85 999999999 93 17 75 14 80 999999999 999999999 19 73 999999999 85 106 9 43 999999999 21 62 999999999 58 38 39 55 999999999 104 34 87 103 104 73 999999999 7 999999999 64 12 999999999 57 999999999 104 96 999999999 76 43 26 999999999 63 43 999999999 95 999999999 72 23 999999999 999999999 999999999 103 999999999 999999999 70 15 999999999 79 70 999999999 94 48 999999999 42 999999999 109 999999999 0 104 72 76 9 999999999 999999999 86 999999999 16 89 109 43 14 100 99 90 35 13 33 81 1 999999999 999999999 105 91 999999999 34 
61 83 85 999999999 999999999 999999999 999999999 103 2 74 71 21 23 92 47 999999999 999999999 999999999 87 68 12 7 68 16 61 999999999 82 67 999999999 83 999999999 19 83 999999999 29 30 999999999 999999999 32 12 999999999 85 19 999999999 999999999 999999999 105 999999999 72 999999999 90 999999999 18 37 63 11 20 103 23 23 47 13 50 103 90 999999999 109 59 80 999999999 100 99 46 999999999 21 999999999 999999999 999999999 14 58 999999999 56 999999999 0 5 9 999999999 48 97 3 95 105 999999999 90 999999999 999999999 78 53 84 104 999999999 999999999 100 21 14 999999999 24 58 70 999999999 
53 1 999999999 76 999999999 100 44 56 102 999999999 39 107 999999999 93 17 99 87 110 60 73 999999999 999999999 36 999999999 48 999999999 34 999999999 110 110 87 49 999999999 41 14 42 999999999 37 999999999 999999999 105 102 5 999999999 82 101 17 999999999 79 999999999 7 999999999 30 999999999 5 59 2 41 47 107 72 68 999999999 22 999999999 53 33 69 74 999999999 999999999 72 69 47 45 67 84 86 65 29 60 22 26 999999999 0 49 999999999 9 89 999999999 100 68 999999999 999999999 107 999999999 88 999999999 93 91 999999999 57 999999999 30 999999999 999999999 7 68 50 12 
999999999 999999999 65 19 81 63 999999999 999999999 30 999999999 100 26 999999999 94 2 40 32 103 999999999 999999999 999999999 18 8 66 54 97 104 30 34 999999999 31 11 999999999 15 999999999 47 42 999999999 999999999 14 33 64 77 40 47 999999999 42 44 85 65 61 83 66 67 95 29 18 999999999 999999999 84 1 110 16 68 999999999 16 44 999999999 999999999 43 29 999999999 81 999999999 63 4 49 45 93 11 30 52 30 7 999999999 0 40 95 93 84 97 4 18 1 999999999 63 999999999 33 26 999999999 999999999 20 999999999 999999999 999999999 999999999 53 110 999999999 3 
999999999 14 25 3 51 11 108 78 65 89 44 107 999999999 999999999 39 28 999999999 18 33 99 6 999999999 92 999999999 44 7 68 50 55 3 110 999999999 18 10 999999999 60 22 110 999999999 73 999999999 38 95 999999999 999999999 69 999999999 54 999999999 15 59 42 58 76 999999999 96 999999999 999999999 45 9 999999999 73 999999999 40 36 47 68 97 12 58 999999999 999999999 66 13 999999999 999999999 7 18 37 26 999999999 999999999 2 999999999 999999999 57 0 88 999999999 102 88 999999999 60 32 999999999 999999999 71 104 999999999 999999999 21 999999999 29 999999999 63 999999999 6 999999999 18 47 
14 73 36 84 999999999 32 25 14 42 60 62 50 33 999999999 35 11 19 999999999 106 999999999 36 999999999 999999999 999999999 999999999 64 9 999999999 101 26 34 52 42 88 91 999999999 11 87 85 999999999 95 67 999999999 94 52 999999999 999999999 999999999 109 999999999 62 78 56 83 22 51 58 999999999 98 22 999999999 36 13 35 17 77 999999999 999999999 82 23 37 999999999 92 61 55 61 31 54 17 44 17 999999999 24 999999999 1 71 102 0 72 18 999999999 43 999999999 999999999 999999999 34 73 43 999999999 9 28 49 52 12 102 999999999 42 52 999999999 999999999 
999999999 28 88 999999999 18 81 33 999999999 31 11 97 999999999 37 28 57 29 19 54 7 10 28 999999999 106 42 999999999 93 103 999999999 33 999999999 999999999 76 22 999999999 999999999 999999999 17 999999999 23 107 66 10 2 85 99 999999999 999999999 999999999 105 105 999999999 10 56 80 36 50 106 96 15 87 40 999999999 92 22 55 60 4 21 83 43 88 999999999 58 40 56 17 93 999999999 97 6 49 85 999999999 999999999 50 100 2 32 0 90 999999999 38 82 999999999 13 999999999 999999999 101 91 999999999 89 999999999 70 78 30 999999999 999999999 999999999 999999999 2 
999999999 51 3 999999999 15 999999999 57 75 86 45 30 106 60 26 37 76 45 999999999 60 53 8 93 31 999999999 73 103 62 22 91 42 999999999 81 8 41 999999999 999999999 999999999 30 999999999 71 999999999 74 64 55 63 48 35 74 11 85 999999999 9 77 89 92 46 101 108 70 999999999 999999999 999999999 999999999 100 25 999999999 55 59 35 999999999 46 23 999999999 75 96 999999999 52 91 83 40 999999999 55 109 47 66 76 106 71 40 0 999999999 8 999999999 999999999 48 61 999999999 999999999 76 44 96 999999999 80 999999999 51 55 103 109 101 83 
999999999 999999999 999999999 999999999 87 63 98 70 43 75 23 15 88 999999999 62 999999999 4 53 999999999 999999999 4 32 999999999 48 27 69 999999999 21 999999999 25 999999999 22 77 999999999 999999999 24 81 999999999 25 19 97 87 69 999999999 999999999 10 54 28 999999999 29 75 64 27 999999999 79 61 7 57 999999999 98 999999999 62 92 41 62 77 78 62 98 33 77 80 999999999 74 999999999 21 999999999 999999999 52 55 999999999 94 999999999 48 45 999999999 64 30 999999999 24 0 3 11 999999999 999999999 999999999 999999999 999999999 999999999 5 44 999999999 54 999999999 10 18 999999999 77 23 105 
58 2 72 999999999 999999999 10 12 96 71 17 86 999999999 1 60 96 10 999999999 1 19 72 15 65 96 76 26 36 108 999999999 29 76 999999999 19 67 106 21 69 18 43 26 59 7 24 104 103 14 23 999999999 91 74 66 95 80 999999999 40 999999999 65 999999999 999999999 999999999 31 999999999 65 91 101 4 102 94 25 999999999 999999999 1 999999999 91 105 61 32 999999999 999999999 999999999 999999999 83 61 999999999 14 999999999 6 35 109 26 71 24 0 14 58 74 13 86 19 88 17 59 999999999 999999999 106 110 999999999 999999999 58 16 999999999 
69 23 89 999999999 58 109 999999999 108 70 105 89 69 7 23 18 72 999999999 70 999999999 81 95 67 999999999 32 36 71 999999999 42 999999999 56 91 77 16 101 107 83 46 58 31 45 5 71 999999999 999999999 33 84 71 8 67 999999999 80 100 999999999 72 999999999 78 999999999 999999999 11 999999999 999999999 73 27 57 57 999999999 999999999 999999999 999999999 10 24 41 99 999999999 107 75 36 100 106 85 4 105 101 65 87 999999999 999999999 64 999999999 999999999 96 79 0 87 88 12 92 999999999 107 27 39 5 39 999999999 56 999999999 999999999 999999999 89 66 
26 82 85 63 5 16 999999999 999999999 999999999 92 74 37 62 80 999999999 12 999999999 999999999 34 29 999999999 36 80 83 40 25 76 999999999 69 999999999 61 45 91 999999999 999999999 999999999 999999999 999999999 19 32 65 47 999999999 999999999 48 68 86 19 999999999 52 999999999 93 999999999 86 69 105 71 77 65 59 102 49 30 9 999999999 100 36 35 49 23 94 52 62 999999999 21 999999999 107 28 16 104 999999999 104 999999999 999999999 63 31 999999999 86 999999999 39 999999999 24 98 0 9 25 105 96 999999999 999999999 47 82 70 98 72 999999999 47 19 28 999999999 
999999999 59 106 83 46 67 94 41 27 40 999999999 92 16 64 51 999999999 24 999999999 999999999 14 35 31 69 87 106 999999999 999999999 41 12 999999999 999999999 999999999 999999999 999999999 999999999 54 76 53 26 999999999 71 55 45 999999999 101 32 96 999999999 999999999 47 25 999999999 47 29 84 22 94 999999999 28 16 23 8 999999999 72 999999999 999999999 19 83 22 77 88 57 46 999999999 64 82 43 11 999999999 19 999999999 999999999 106 68 51 76 93 67 6 56 999999999 16 999999999 2 0 12 6 70 999999999 999999999 27 56 49 999999999 108 999999999 999999999 59 999999999 48 
101 999999999 71 79 42 48 30 999999999 67 47 999999999 44 98 999999999 37 999999999 78 15 999999999 999999999 15 999999999 999999999 73 999999999 24 80 20 50 93 80 999999999 94 37 999999999 1 999999999 999999999 45 82 1 999999999 46 91 29 999999999 88 23 68 999999999 71 19 999999999 14 38 999999999 102 999999999 1 1 96 102 999999999 47 999999999 92 999999999 83 999999999 75 100 82 999999999 84 999999999 999999999 64 17 999999999 95 999999999 999999999 32 101 2 15 102 999999999 58 109 12 999999999 48 48 74 0 89 999999999 999999999 999999999 999999999 19 9 43 999999999 9 29 86 18 23 
999999999 3 24 46 999999999 999999999 80 999999999 999999999 6 27 23 999999999 16 97 88 36 999999999 60 109 99 42 83 999999999 63 22 999999999 68 90 49 999999999 96 999999999 89 14 46 43 80 999999999 22 1 91 97 10 999999999 99 69 999999999 7 71 56 60 999999999 18 999999999 13 30 17 5 5 11 19 5 6 98 999999999 93 39 19 999999999 999999999 999999999 65 9 999999999 999999999 999999999 5 999999999 66 8 23 104 999999999 999999999 999999999 999999999 999999999 52 48 999999999 41 80 100 91 13 0 999999999 999999999 12 999999999 999999999 14 999999999 88 94 999999999 55 104 86 
71 95 96 32 47 35 74 96 79 79 999999999 9 93 23 999999999 999999999 999999999 35 999999999 66 15 83 999999999 4 43 51 999999999 57 95 999999999 101 90 999999999 97 999999999 6 84 6 999999999 28 93 22 999999999 7 999999999 39 83 999999999 43 31 999999999 26 70 96 61 28 999999999 96 8 82 999999999 999999999 66 10 92 44 19 63 999999999 999999999 86 999999999 2 44 73 78 32 999999999 84 31 999999999 106 106 999999999 4 95 66 999999999 100 999999999 40 110 16 50 999999999 999999999 51 0 97 21 72 104 999999999 999999999 100 83 66 87 4 92 
71 28 999999999 9 999999999 69 100 86 78 14 76 6 34 29 41 999999999 69 75 14 999999999 43 999999999 4 34 59 94 999999999 26 999999999 85 88 13 31 999999999 45 26 31 55 81 3 59 35 999999999 41 51 999999999 999999999 17 43 100 84 78 61 28 64 999999999 999999999 999999999 4 33 59 29 56 36 999999999 75 77 94 71 94 999999999 18 999999999 999999999 97 25 40 60 20 98 64 999999999 999999999 999999999 14 76 85 104 999999999 2 8 85 999999999 61 12 999999999 27 86 0 58 63 57 91 36 42 999999999 26 74 58 999999999 
999999999 99 5 999999999 18 48 24 62 999999999 999999999 999999999 22 74 59 8 999999999 999999999 30 75 25 999999999 999999999 77 84 999999999 93 58 12 65 999999999 36 77 999999999 98 50 86 34 93 86 34 58 43 91 999999999 72 62 97 45 85 44 15 49 110 106 999999999 28 107 60 999999999 54 16 999999999 81 67 83 46 72 10 999999999 19 66 27 100 67 71 89 999999999 999999999 999999999 99 999999999 80 30 54 90 42 999999999 999999999 999999999 63 999999999 76 52 60 51 97 999999999 65 82 0 87 84 13 24 999999999 109 86 999999999 999999999 101 
9 77 61 38 999999999 76 999999999 49 999999999 81 999999999 72 46 10 22 21 20 36 38 88 90 29 7 99 84 39 999999999 62 85 13 999999999 999999999 42 49 999999999 999999999 999999999 72 55 999999999 59 16 21 999999999 999999999 1 999999999 999999999 48 85 999999999 40 999999999 999999999 999999999 5 999999999 999999999 81 54 30 999999999 27 17 29 76 101 59 999999999 999999999 45 77 93 64 32 16 79 82 50 37 26 50 999999999 22 54 46 56 74 52 91 9 999999999 56 44 90 999999999 16 999999999 12 63 0 41 999999999 36 999999999 75 78 96 72 999999999 
15 76 999999999 999999999 46 68 41 13 107 57 38 88 75 999999999 11 50 38 44 16 11 109 57 97 32 39 59 64 103 999999999 108 999999999 43 36 48 79 999999999 999999999 999999999 93 999999999 999999999 27 109 999999999 999999999 27 62 999999999 94 43 5 999999999 999999999 95 87 106 53 43 999999999 36 999999999 999999999 26 110 35 8 36 999999999 38 999999999 37 108 999999999 7 84 46 15 999999999 69 38 100 88 22 7 102 1 57 75 47 47 103 999999999 88 39 8 88 109 34 13 34 15 0 51 14 63 999999999 35 999999999 79 35 
999999999 21 9 999999999 77 999999999 91 90 96 999999999 51 999999999 64 73 76 21 83 97 999999999 57 84 106 65 999999999 999999999 999999999 999999999 28 999999999 999999999 57 74 999999999 999999999 66 42 75 999999999 98 999999999 109 999999999 34 92 74 26 105 92 84 999999999 29 999999999 88 29 999999999 999999999 37 999999999 999999999 15 999999999 83 999999999 51 32 999999999 999999999 32 71 99 23 60 55 42 8 54 8 999999999 49 999999999 999999999 105 84 79 83 68 101 999999999 96 72 34 999999999 49 999999999 999999999 31 11 81 34 104 999999999 46 0 26 999999999 999999999 89 24 24 999999999 
16 63 36 65 10 999999999 25 89 47 57 12 999999999 999999999 80 27 16 90 17 37 999999999 34 53 91 7 3 91 23 46 999999999 87 71 999999999 999999999 49 41 73 999999999 84 999999999 999999999 23 999999999 999999999 66 999999999 53 44 23 110 2 40 110 999999999 43 66 68 999999999 51 90 79 19 57 63 2 90 57 999999999 76 71 32 999999999 24 999999999 104 98 999999999 73 92 63 6 999999999 23 81 33 999999999 97 75 999999999 999999999 45 999999999 999999999 47 101 110 25 999999999 999999999 104 999999999 21 56 999999999 0 104 70 55 98 999999999 999999999 
62 999999999 29 53 999999999 23 999999999 104 5 77 61 999999999 62 56 56 38 69 34 8 104 999999999 32 999999999 88 35 51 100 81 999999999 28 90 999999999 48 86 999999999 43 44 36 43 93 999999999 11 999999999 104 106 39 68 45 999999999 999999999 21 81 22 12 109 32 90 72 66 999999999 50 999999999 14 999999999 78 999999999 999999999 999999999 84 7 48 31 10 6 999999999 14 5 999999999 87 5 999999999 54 28 999999999 999999999 87 74 5 10 38 999999999 93 999999999 999999999 8 999999999 999999999 24 80 999999999 13 22 41 999999999 0 19 67 1 103 999999999 
50 999999999 30 10 77 61 57 109 999999999 80 52 27 17 46 999999999 999999999 999999999 54 79 17 999999999 999999999 107 13 999999999 999999999 39 999999999 68 13 92 999999999 17 19 60 999999999 103 40 57 51 108 999999999 999999999 999999999 999999999 58 38 74 48 71 999999999 14 81 999999999 63 66 1 91 999999999 55 999999999 28 100 60 999999999 31 18 77 84 18 71 5 83 104 22 999999999 999999999 8 30 8 101 999999999 999999999 18 999999999 22 999999999 1 999999999 104 999999999 85 33 70 999999999 999999999 36 2 999999999 999999999 95 109 999999999 999999999 74 0 63 90 102 53 
26 92 25 56 53 50 107 16 95 999999999 73 78 86 64 29 90 11 999999999 25 51 92 999999999 79 999999999 999999999 8 999999999 72 999999999 999999999 70 101 999999999 999999999 109 999999999 999999999 68 101 91 999999999 47 12 88 999999999 107 97 83 999999999 9 35 44 2 50 48 90 999999999 62 101 29 24 999999999 89 999999999 85 999999999 23 89 46 1 33 999999999 56 73 106 71 999999999 71 16 23 27 90 86 999999999 101 21 4 29 999999999 101 38 18 61 999999999 75 10 999999999 6 999999999 37 999999999 999999999 20 20 104 44 0 999999999 66 106 
21 6 999999999 999999999 999999999 100 999999999 999999999 83 999999999 90 55 79 99 999999999 32 999999999 999999999 105 30 53 79 7 14 999999999 999999999 22 72 100 56 2 4 80 20 85 100 103 76 97 18 999999999 70 77 99 6 100 999999999 999999999 66 999999999 61 109 999999999 54 999999999 4 108 34 70 29 100 77 103 999999999 999999999 91 97 77 84 999999999 999999999 35 51 999999999 35 86 79 12 999999999 8 93 86 23 999999999 63 999999999 85 39 36 3 999999999 96 999999999 80 999999999 91 99 999999999 25 52 67 23 102 59 87 41 32 0 45 42 
108 999999999 999999999 79 101 999999999 999999999 999999999 92 45 56 81 999999999 20 63 999999999 22 35 999999999 27 999999999 999999999 97 45 79 61 64 74 40 70 999999999 999999999 109 44 999999999 16 46 999999999 64 99 999999999 999999999 22 95 73 34 97 47 91 34 65 27 98 103 999999999 999999999 4 999999999 91 42 999999999 59 71 109 999999999 999999999 29 999999999 22 999999999 999999999 999999999 15 48 70 999999999 43 82 999999999 88 16 64 999999999 31 999999999 999999999 82 97 999999999 105 83 999999999 57 17 999999999 53 109 68 62 11 999999999 999999999 103 999999999 999999999 76 999999999 29 0 30 
999999999 50 999999999 999999999 40 13 99 94 999999999 101 102 78 96 107 14 89 93 28 45 999999999 29 2 40 58 90 42 999999999 999999999 23 109 999999999 51 93 999999999 94 80 999999999 34 999999999 999999999 999999999 101 999999999 999999999 33 36 999999999 999999999 999999999 999999999 999999999 88 53 23 83 40 999999999 5 69 64 60 74 52 12 16 69 96 54 25 102 19 16 96 103 96 98 43 76 9 999999999 106 71 70 44 999999999 107 36 95 999999999 999999999 107 76 999999999 999999999 21 71 15 33 57 71 49 999999999 999999999 105 26 18 16 999999999 44 0 
