100
0 77 40 53 70 999999999 999999999 999999999 9 17 999999999 23 999999999 11 77 999999999 49 98 96 999999999 999999999 73 51 999999999 5 999999999 71 98 75 24 999999999 999999999 999999999 999999999 4 15 50 999999999 52 15 999999999 23 999999999 999999999 65 64 999999999 85 3 12 8 97 999999999 40 4 2 5 53 999999999 999999999 27 52 999999999 999999999 24 999999999 999999999 90 97 17 75 999999999 35 999999999 999999999 80 999999999 37 64 70 28 999999999 41 999999999 57 7 30 999999999 92 48 10 86 64 28 2 13 999999999 25 7 23 
13 0 17 12 48 51 38 65 38 49 999999999 85 999999999 32 999999999 89 999999999 10 51 74 59 31 65 27 37 94 999999999 54 999999999 96 85 999999999 30 14 999999999 999999999 86 75 48 3 61 44 999999999 31 999999999 13 999999999 98 7 79 21 15 1 999999999 52 999999999 76 72 999999999 86 84 55 56 999999999 95 999999999 93 15 61 38 999999999 83 999999999 3 49 66 15 89 2 59 75 72 47 999999999 83 999999999 85 999999999 99 53 35 86 89 67 33 66 63 999999999 28 999999999 
64 20 0 39 72 64 72 999999999 24 40 45 58 999999999 22 3 67 57 999999999 15 76 38 999999999 62 95 66 37 53 65 71 69 5 999999999 999999999 999999999 999999999 46 69 80 15 22 91 999999999 97 999999999 999999999 27 70 999999999 999999999 26 80 999999999 22 70 999999999 34 90 38 99 86 7 29 999999999 54 999999999 69 27 28 999999999 5 73 999999999 1 36 14 999999999 999999999 999999999 91 999999999 96 85 64 25 999999999 43 85 79 31 41 72 42 55 14 98 62 999999999 41 78 999999999 
14 71 999999999 0 999999999 999999999 81 11 999999999 36 8 999999999 3 34 96 17 999999999 25 43 84 49 34 81 79 75 52 53 79 92 999999999 85 999999999 50 67 98 82 32 11 999999999 92 999999999 96 999999999 999999999 999999999 74 97 26 17 999999999 999999999 76 999999999 64 35 23 999999999 87 61 6 2 51 999999999 51 999999999 12 1 46 999999999 999999999 80 999999999 48 35 32 999999999 999999999 7 100 51 38 1 95 37 54 39 999999999 19 999999999 14 73 999999999 58 61 999999999 92 26 66 84 999999999 
37 46 93 999999999 0 999999999 999999999 6 999999999 61 7 999999999 30 999999999 66 999999999 3 11 28 999999999 999999999 76 38 999999999 93 33 96 999999999 89 16 999999999 999999999 999999999 999999999 18 51 52 73 36 17 14 38 999999999 999999999 6 94 98 999999999 10 999999999 42 36 77 48 25 81 67 73 8 999999999 56 999999999 999999999 999999999 999999999 999999999 999999999 80 47 70 7 999999999 999999999 5 999999999 999999999 86 81 999999999 15 94 29 12 11 82 999999999 999999999 84 999999999 92 999999999 37 96 2 999999999 33 36 46 92 74 
999999999 999999999 999999999 32 25 0 5 999999999 92 83 999999999 999999999 11 999999999 29 20 87 999999999 91 999999999 999999999 40 73 35 37 89 999999999 81 999999999 25 19 63 61 83 999999999 999999999 51 21 39 34 999999999 85 78 92 24 57 999999999 74 999999999 19 999999999 59 999999999 99 999999999 14 98 999999999 71 999999999 80 999999999 999999999 29 999999999 22 999999999 7 9 89 1 22 18 8 48 999999999 31 66 999999999 59 12 999999999 84 999999999 15 25 18 74 999999999 999999999 77 18 89 999999999 39 999999999 6 5 999999999 24 
19 30 66 38 57 43 0 999999999 48 66 27 17 21 50 42 86 39 6 999999999 17 94 999999999 3 90 999999999 52 21 999999999 54 12 40 62 22 999999999 999999999 6 36 98 999999999 999999999 100 999999999 17 999999999 999999999 999999999 41 76 999999999 75 999999999 44 9 80 52 59 999999999 76 40 999999999 55 47 999999999 999999999 57 35 999999999 999999999 36 999999999 999999999 18 13 999999999 47 33 53 88 35 999999999 16 999999999 65 92 22 70 999999999 85 99 25 44 89 61 95 3 59 999999999 31 46 999999999 
999999999 999999999 999999999 999999999 67 34 86 0 999999999 999999999 15 999999999 82 999999999 81 83 18 82 65 45 999999999 88 79 67 87 59 22 999999999 63 29 999999999 999999999 58 999999999 31 37 999999999 62 999999999 37 47 52 999999999 57 56 67 56 39 999999999 42 999999999 46 999999999 50 67 999999999 29 999999999 42 96 35 999999999 100 999999999 100 19 999999999 92 999999999 999999999 999999999 75 81 999999999 999999999 11 22 63 93 8 999999999 18 999999999 36 10 36 999999999 999999999 36 999999999 49 999999999 31 84 86 67 999999999 10 92 72 
30 59 11 9 81 43 19 73 0 999999999 50 7 89 32 19 62 10 98 43 77 9 4 46 72 56 65 27 72 999999999 66 34 999999999 999999999 11 51 15 999999999 999999999 1 53 64 999999999 52 20 999999999 999999999 39 999999999 40 85 1 999999999 999999999 59 34 999999999 999999999 20 17 999999999 999999999 999999999 78 26 999999999 999999999 14 56 999999999 44 12 28 48 16 82 71 55 96 58 34 20 5 73 999999999 66 85 999999999 10 999999999 79 66 5 91 999999999 28 64 52 999999999 16 20 
25 33 999999999 49 15 95 999999999 57 34 0 15 999999999 32 2 999999999 999999999 79 67 52 51 31 999999999 999999999 36 11 10 999999999 22 70 64 41 90 69 3 57 8 72 47 4 999999999 58 999999999 63 999999999 8 100 31 50 54 7 79 999999999 75 10 999999999 999999999 43 97 33 999999999 52 47 14 22 100 1 47 29 77 999999999 80 59 71 75 80 999999999 999999999 7 999999999 98 999999999 999999999 91 48 13 20 79 85 52 86 37 999999999 12 40 25 999999999 92 57 79 999999999 
84 2 7 999999999 8 999999999 999999999 17 31 69 0 82 97 62 69 27 999999999 43 76 66 68 52 94 3 62 34 6 32 18 63 17 999999999 2 97 30 2 1 65 56 999999999 86 25 999999999 999999999 999999999 68 7 89 76 32 999999999 37 999999999 62 42 999999999 999999999 23 67 999999999 999999999 35 92 16 65 999999999 13 44 12 999999999 81 8 999999999 999999999 3 999999999 999999999 10 93 45 999999999 85 78 26 37 999999999 96 999999999 43 23 44 999999999 48 36 22 999999999 34 33 999999999 999999999 
87 999999999 999999999 999999999 999999999 85 81 999999999 999999999 79 999999999 0 51 999999999 81 999999999 999999999 999999999 30 999999999 999999999 7 17 77 999999999 999999999 49 60 6 999999999 32 84 999999999 83 92 9 75 34 13 90 999999999 2 35 48 71 999999999 999999999 999999999 89 999999999 74 50 28 999999999 67 999999999 93 92 41 999999999 40 999999999 71 999999999 999999999 999999999 94 28 81 37 999999999 77 4 37 53 999999999 999999999 13 32 75 999999999 47 48 45 19 79 999999999 78 74 6 999999999 999999999 70 999999999 21 98 30 78 56 33 
72 34 95 95 51 999999999 999999999 24 999999999 24 4 99 0 19 999999999 999999999 999999999 32 88 999999999 999999999 72 999999999 65 41 999999999 58 80 38 39 38 22 2 30 32 3 999999999 999999999 29 46 999999999 43 18 22 999999999 4 999999999 42 999999999 999999999 42 64 90 52 93 999999999 999999999 20 999999999 29 100 999999999 999999999 65 46 73 17 85 999999999 97 3 27 95 66 82 50 64 999999999 11 62 36 65 64 6 57 2 999999999 35 999999999 999999999 69 97 74 62 2 77 999999999 3 8 99 
22 999999999 92 8 93 75 83 40 40 999999999 86 999999999 32 0 66 999999999 999999999 999999999 64 999999999 76 85 84 67 97 41 84 91 999999999 13 999999999 999999999 999999999 16 26 37 999999999 999999999 34 999999999 86 1 49 95 999999999 92 49 61 33 999999999 25 999999999 72 71 57 36 80 55 999999999 88 1 21 999999999 86 999999999 42 999999999 53 33 49 42 6 999999999 34 74 999999999 999999999 999999999 22 29 999999999 999999999 999999999 100 97 30 9 3 97 38 79 999999999 39 35 67 86 62 999999999 999999999 49 
77 77 999999999 999999999 3 43 8 90 23 999999999 67 54 999999999 63 0 50 13 51 54 999999999 999999999 999999999 99 999999999 999999999 73 21 5 5 999999999 999999999 999999999 87 30 75 999999999 46 10 67 98 999999999 999999999 82 33 34 999999999 2 33 50 71 68 999999999 17 29 62 999999999 52 37 999999999 1 999999999 49 24 5 999999999 999999999 96 81 24 48 45 96 84 43 999999999 73 24 26 65 38 48 57 89 99 7 29 5 45 999999999 41 999999999 87 44 64 999999999 41 32 77 69 48 
14 32 999999999 999999999 24 68 999999999 90 20 46 80 999999999 95 999999999 75 0 3 78 43 15 43 51 42 38 15 61 99 34 87 15 69 999999999 21 3 89 69 44 80 999999999 999999999 999999999 13 999999999 20 85 94 28 22 999999999 34 999999999 999999999 23 75 48 17 39 87 17 69 55 45 999999999 999999999 4 12 999999999 78 83 52 999999999 66 18 8 54 18 999999999 66 999999999 29 8 24 95 30 62 71 37 62 92 7 74 999999999 19 3 999999999 67 35 49 73 96 
999999999 22 81 45 17 76 14 78 999999999 99 999999999 53 58 999999999 65 42 0 999999999 49 57 75 31 57 68 41 88 11 81 31 11 92 82 28 999999999 999999999 999999999 87 56 999999999 79 75 40 90 999999999 78 999999999 33 97 999999999 999999999 999999999 89 27 54 57 88 78 98 999999999 54 36 99 999999999 999999999 29 64 29 7 35 10 999999999 94 999999999 999999999 88 31 5 74 81 68 26 41 82 999999999 91 83 6 73 71 35 13 999999999 67 19 64 57 82 999999999 90 91 
28 1 36 43 76 999999999 70 999999999 79 999999999 4 999999999 62 999999999 95 59 11 0 999999999 12 40 999999999 13 999999999 999999999 94 49 28 35 999999999 31 19 6 96 73 77 94 52 999999999 54 999999999 21 64 58 31 47 94 49 21 999999999 999999999 14 37 78 21 91 15 30 99 999999999 23 81 23 54 90 999999999 23 54 999999999 16 999999999 999999999 67 999999999 999999999 56 999999999 999999999 76 98 62 86 66 43 18 25 999999999 79 24 29 94 41 51 84 40 999999999 38 93 999999999 71 
64 67 61 92 35 43 42 999999999 999999999 15 49 999999999 44 86 999999999 999999999 93 77 0 99 8 999999999 39 20 999999999 999999999 20 29 92 38 55 999999999 58 61 31 27 89 17 74 999999999 999999999 20 46 50 25 999999999 999999999 999999999 999999999 63 61 80 26 70 999999999 50 96 73 999999999 999999999 999999999 999999999 48 81 999999999 24 999999999 999999999 11 44 21 39 999999999 63 39 59 999999999 999999999 999999999 999999999 18 59 999999999 95 82 55 34 99 66 3 73 20 26 999999999 54 31 999999999 21 75 999999999 
999999999 87 999999999 45 85 999999999 62 36 94 91 98 65 71 91 29 999999999 30 999999999 999999999 0 53 999999999 70 31 65 999999999 39 999999999 47 999999999 40 28 49 36 85 93 999999999 999999999 88 54 999999999 999999999 999999999 999999999 82 38 1 999999999 85 999999999 87 49 70 36 999999999 41 6 999999999 15 999999999 14 57 999999999 12 999999999 999999999 35 62 99 35 93 8 49 999999999 81 67 89 17 6 999999999 20 999999999 999999999 38 13 999999999 999999999 999999999 63 5 78 999999999 20 95 80 45 41 86 72 61 
69 999999999 30 29 38 2 36 71 999999999 999999999 999999999 10 47 25 7 86 34 5 76 69 0 24 64 999999999 30 26 61 999999999 15 34 22 999999999 65 999999999 6 999999999 39 35 999999999 999999999 999999999 50 5 20 999999999 41 73 71 999999999 999999999 999999999 4 60 56 47 80 999999999 6 82 999999999 33 999999999 32 66 999999999 999999999 999999999 999999999 22 43 1 999999999 21 14 999999999 23 999999999 1 20 999999999 999999999 999999999 65 999999999 14 999999999 999999999 999999999 999999999 87 31 999999999 51 44 78 34 57 99 12 999999999 
20 999999999 17 999999999 999999999 72 999999999 97 92 5 52 71 94 40 12 88 13 999999999 85 999999999 44 0 77 20 89 62 999999999 64 98 59 999999999 82 92 84 34 32 74 999999999 999999999 58 44 58 25 999999999 29 34 1 999999999 12 999999999 63 16 75 92 999999999 999999999 96 999999999 999999999 44 999999999 999999999 999999999 34 51 39 31 36 999999999 999999999 999999999 15 68 89 64 67 72 50 999999999 23 98 999999999 57 24 999999999 51 999999999 84 44 21 53 47 71 45 999999999 999999999 57 999999999 69 28 
999999999 20 23 89 64 26 86 999999999 999999999 82 87 1 999999999 10 92 999999999 999999999 54 22 98 51 999999999 0 93 74 92 94 96 3 22 68 93 90 66 67 999999999 73 2 999999999 64 999999999 85 999999999 999999999 70 999999999 65 96 63 92 71 89 66 999999999 999999999 999999999 24 51 31 999999999 23 27 2 1 5 98 69 999999999 11 999999999 999999999 16 999999999 12 999999999 999999999 19 999999999 999999999 32 999999999 999999999 47 67 49 97 999999999 23 999999999 999999999 91 6 96 96 999999999 999999999 999999999 999999999 999999999 5 
999999999 72 68 4 69 999999999 999999999 70 71 999999999 999999999 4 999999999 49 90 15 999999999 999999999 69 35 999999999 999999999 81 0 79 46 999999999 999999999 999999999 999999999 999999999 46 28 999999999 61 47 64 88 47 999999999 8 999999999 999999999 12 98 38 73 77 999999999 999999999 58 71 56 999999999 999999999 999999999 56 3 95 999999999 24 15 999999999 11 82 41 999999999 94 15 999999999 999999999 23 49 73 58 8 999999999 999999999 3 50 58 73 78 999999999 69 46 999999999 22 2 51 83 96 88 14 53 59 34 83 81 90 
60 16 999999999 3 62 93 999999999 12 68 53 29 48 30 78 999999999 11 63 71 11 67 35 25 999999999 999999999 0 69 73 91 999999999 999999999 51 2 81 999999999 999999999 54 999999999 999999999 89 999999999 2 70 49 36 999999999 78 31 65 85 999999999 999999999 999999999 73 999999999 72 999999999 50 37 30 13 22 999999999 14 47 59 10 1 35 999999999 59 8 70 60 29 47 999999999 58 94 2 999999999 71 52 48 72 23 10 999999999 999999999 21 57 999999999 81 36 999999999 88 100 5 42 92 74 
999999999 92 94 76 67 3 999999999 64 78 999999999 60 75 62 11 97 85 84 50 4 83 41 999999999 54 999999999 72 0 11 32 999999999 5 35 999999999 7 18 75 2 39 83 27 22 58 42 50 999999999 30 999999999 999999999 66 999999999 100 14 999999999 97 999999999 999999999 58 34 50 999999999 67 999999999 93 15 999999999 999999999 19 50 25 84 2 999999999 25 6 999999999 8 999999999 72 999999999 999999999 34 88 98 19 66 999999999 999999999 24 35 77 999999999 72 60 999999999 999999999 16 97 41 53 999999999 999999999 
82 1 69 5 17 34 87 78 999999999 2 78 999999999 999999999 22 29 999999999 26 999999999 999999999 11 66 9 67 91 999999999 31 0 27 999999999 86 999999999 39 999999999 77 999999999 77 999999999 100 17 999999999 999999999 26 50 999999999 999999999 21 95 72 77 999999999 68 26 29 999999999 22 91 95 76 57 999999999 85 89 999999999 999999999 24 49 58 30 58 78 999999999 999999999 72 40 999999999 98 38 35 8 86 64 999999999 42 54 20 11 999999999 45 6 25 999999999 49 39 58 16 99 56 38 14 78 
64 999999999 999999999 999999999 83 2 999999999 80 23 10 999999999 999999999 999999999 10 30 48 79 999999999 18 49 52 999999999 999999999 3 13 999999999 999999999 0 44 999999999 100 66 999999999 86 39 999999999 47 3 999999999 8 29 999999999 1 999999999 29 61 61 999999999 999999999 69 999999999 999999999 81 999999999 35 999999999 77 22 28 999999999 72 14 28 999999999 5 57 999999999 23 999999999 999999999 18 999999999 4 4 999999999 999999999 999999999 41 99 71 999999999 999999999 52 33 78 44 56 999999999 999999999 85 999999999 999999999 11 98 999999999 86 42 81 9 31 
999999999 999999999 98 999999999 999999999 21 25 90 999999999 999999999 999999999 999999999 999999999 999999999 54 999999999 67 36 8 999999999 56 84 55 100 12 65 10 88 0 85 31 1 31 999999999 93 9 999999999 30 999999999 50 999999999 31 999999999 44 41 999999999 82 999999999 999999999 67 999999999 17 40 999999999 83 60 84 999999999 999999999 37 999999999 29 999999999 25 56 999999999 87 25 97 41 97 3 76 9 999999999 93 999999999 999999999 50 999999999 25 81 91 999999999 98 98 62 999999999 999999999 58 999999999 16 79 999999999 999999999 28 71 13 42 36 
14 38 34 9 68 95 69 48 15 47 98 69 99 999999999 11 4 999999999 999999999 18 12 999999999 81 999999999 22 19 999999999 26 40 53 0 999999999 55 65 9 999999999 90 999999999 53 999999999 20 10 26 54 32 999999999 32 999999999 12 1 10 68 82 57 87 999999999 44 999999999 999999999 81 88 55 62 35 74 22 999999999 87 2 85 999999999 10 78 999999999 999999999 67 10 999999999 999999999 20 999999999 83 49 31 51 89 999999999 46 42 86 999999999 999999999 93 65 79 66 999999999 13 8 2 7 
24 66 49 999999999 2 74 999999999 7 58 92 85 17 86 55 69 999999999 74 66 999999999 999999999 999999999 999999999 59 20 999999999 3 999999999 83 94 66 0 93 14 999999999 99 86 25 76 999999999 82 66 999999999 21 24 999999999 20 999999999 999999999 65 68 24 51 10 77 71 17 93 34 999999999 69 64 14 999999999 999999999 50 999999999 999999999 92 31 999999999 55 72 999999999 87 50 47 999999999 999999999 81 25 64 78 69 46 46 999999999 999999999 100 999999999 41 999999999 45 17 37 23 70 999999999 40 999999999 999999999 
27 89 46 52 86 83 40 92 70 999999999 75 40 72 91 999999999 33 999999999 13 40 75 57 999999999 999999999 999999999 16 41 55 93 42 12 999999999 0 79 999999999 11 37 94 20 999999999 999999999 16 86 999999999 81 999999999 999999999 17 42 13 30 999999999 52 999999999 58 45 29 66 19 41 84 999999999 66 52 999999999 6 999999999 999999999 26 63 999999999 99 73 61 44 59 999999999 999999999 91 999999999 999999999 999999999 74 999999999 29 44 999999999 25 88 79 29 999999999 55 19 17 999999999 999999999 90 93 40 53 
11 93 999999999 6 999999999 86 36 71 50 999999999 89 999999999 19 64 35 36 999999999 35 85 2 35 18 999999999 39 37 999999999 42 999999999 89 999999999 999999999 67 0 999999999 30 8 999999999 71 90 63 999999999 42 999999999 20 59 72 86 81 17 73 77 3 999999999 999999999 37 54 1 999999999 33 34 36 999999999 999999999 74 51 5 15 45 98 98 64 17 999999999 67 12 54 68 20 999999999 10 25 999999999 86 61 37 5 44 28 89 80 22 75 71 18 999999999 999999999 67 71 999999999 3 
35 24 999999999 80 999999999 75 8 999999999 31 69 80 91 999999999 999999999 16 70 42 24 999999999 999999999 69 25 25 9 50 41 74 999999999 61 11 19 49 13 0 20 74 62 999999999 19 75 999999999 16 48 54 5 999999999 78 999999999 23 999999999 48 35 69 20 999999999 48 99 9 19 999999999 77 999999999 3 9 11 999999999 66 58 88 999999999 27 89 81 999999999 999999999 68 96 18 12 47 999999999 23 29 999999999 999999999 24 18 25 5 4 78 999999999 56 24 96 999999999 92 21 999999999 31 
18 9 999999999 28 72 999999999 3 999999999 999999999 38 65 4 41 90 999999999 40 25 999999999 60 45 63 92 7 39 75 999999999 82 47 62 100 24 61 82 39 0 999999999 77 43 76 40 4 999999999 68 999999999 999999999 999999999 87 999999999 67 3 15 65 14 47 999999999 32 27 31 6 35 999999999 41 57 4 999999999 68 25 14 999999999 92 999999999 88 999999999 999999999 26 59 999999999 81 27 88 2 82 67 57 37 84 999999999 999999999 75 999999999 999999999 999999999 999999999 999999999 82 99 999999999 26 999999999 98 
25 999999999 1 71 57 46 999999999 69 91 31 51 999999999 999999999 24 81 99 58 87 999999999 6 999999999 98 43 37 55 51 83 52 30 28 999999999 59 999999999 85 56 0 999999999 19 999999999 94 999999999 999999999 86 80 76 999999999 22 999999999 52 67 42 6 999999999 26 999999999 59 58 999999999 999999999 42 49 999999999 99 60 4 13 91 25 999999999 999999999 999999999 70 999999999 999999999 9 999999999 12 999999999 75 52 47 41 999999999 46 24 91 52 999999999 999999999 46 23 999999999 999999999 1 99 999999999 999999999 999999999 48 999999999 
31 999999999 21 77 999999999 63 999999999 999999999 999999999 71 82 76 20 999999999 999999999 999999999 69 87 2 43 999999999 21 999999999 30 74 99 3 57 100 91 59 69 999999999 75 48 999999999 0 15 14 71 999999999 3 26 96 999999999 45 75 84 999999999 999999999 38 999999999 5 999999999 40 99 52 999999999 55 999999999 51 999999999 25 999999999 56 57 999999999 999999999 50 39 74 100 47 11 8 999999999 73 999999999 72 18 39 999999999 999999999 999999999 40 999999999 999999999 75 83 27 67 999999999 999999999 62 50 999999999 5 35 999999999 57 
87 999999999 999999999 49 17 31 999999999 23 999999999 54 71 999999999 4 999999999 999999999 52 999999999 999999999 46 999999999 999999999 60 50 20 35 16 999999999 63 69 43 999999999 999999999 82 90 52 999999999 999999999 0 100 17 68 15 33 54 45 88 23 14 50 91 39 999999999 99 4 70 1 61 81 80 21 8 8 999999999 20 999999999 999999999 53 9 56 48 88 21 54 999999999 84 43 999999999 75 67 65 35 999999999 999999999 56 999999999 999999999 999999999 3 91 12 90 999999999 100 57 42 999999999 33 78 100 999999999 
93 999999999 45 62 21 65 999999999 99 20 96 30 30 999999999 34 96 26 60 29 999999999 74 46 999999999 72 999999999 34 12 42 999999999 999999999 87 999999999 37 999999999 10 65 999999999 49 999999999 0 88 999999999 13 51 71 999999999 85 10 46 30 999999999 999999999 73 96 83 42 999999999 33 84 21 51 59 45 999999999 26 4 8 11 999999999 58 61 999999999 999999999 999999999 999999999 60 999999999 56 999999999 79 999999999 999999999 91 999999999 73 999999999 61 75 55 47 22 10 999999999 55 70 63 999999999 999999999 999999999 999999999 999999999 
44 24 22 41 999999999 999999999 999999999 9 91 28 79 999999999 32 7 45 72 999999999 15 19 999999999 999999999 40 83 99 84 999999999 999999999 56 999999999 55 999999999 43 5 999999999 19 98 97 86 60 0 999999999 35 80 19 63 57 94 999999999 42 27 999999999 62 87 999999999 82 60 39 999999999 28 999999999 999999999 22 999999999 75 14 11 43 58 80 34 60 19 87 999999999 999999999 999999999 31 68 999999999 999999999 83 67 999999999 60 999999999 54 26 999999999 71 98 999999999 999999999 999999999 23 999999999 83 999999999 999999999 84 73 
60 23 999999999 85 999999999 37 59 61 999999999 93 48 30 8 42 56 99 96 999999999 999999999 90 999999999 12 70 999999999 50 65 55 68 999999999 16 5 28 24 79 44 84 999999999 999999999 98 31 0 48 999999999 62 77 45 999999999 48 70 31 49 7 999999999 82 21 5 57 999999999 999999999 86 999999999 35 34 999999999 97 7 76 12 39 17 13 79 22 999999999 66 10 14 999999999 50 40 51 999999999 999999999 54 999999999 78 999999999 999999999 999999999 999999999 999999999 11 51 5 67 23 18 12 3 48 
63 11 76 20 999999999 8 77 35 19 3 45 21 999999999 999999999 999999999 999999999 8 999999999 73 57 66 21 24 46 999999999 33 999999999 13 23 77 56 35 34 999999999 87 59 35 80 40 999999999 72 0 58 42 33 46 27 999999999 999999999 43 89 87 39 88 86 84 999999999 30 64 999999999 47 79 92 92 30 999999999 47 999999999 82 999999999 13 999999999 59 45 999999999 23 54 999999999 999999999 82 17 16 1 8 999999999 44 36 64 24 31 96 999999999 67 61 999999999 63 19 55 44 999999999 
25 70 15 66 999999999 21 89 999999999 999999999 91 70 61 65 36 81 70 999999999 999999999 999999999 999999999 56 90 999999999 33 96 76 999999999 999999999 3 9 999999999 25 45 5 999999999 999999999 58 999999999 16 91 999999999 40 0 8 8 2 999999999 29 999999999 999999999 48 24 67 85 87 999999999 16 92 84 96 83 76 28 32 71 26 89 999999999 52 999999999 49 999999999 78 87 10 999999999 11 98 5 999999999 999999999 999999999 42 69 45 55 88 18 68 74 68 100 3 97 52 10 81 81 71 86 
1 99 999999999 999999999 81 73 35 47 999999999 31 71 52 24 999999999 98 53 61 25 999999999 30 5 70 91 17 11 85 82 999999999 999999999 63 92 999999999 50 1 999999999 999999999 999999999 999999999 27 72 12 69 63 0 57 97 49 42 30 999999999 27 999999999 21 69 14 56 999999999 40 999999999 1 999999999 23 95 17 999999999 66 42 65 999999999 49 15 63 64 57 999999999 999999999 999999999 24 72 999999999 83 8 999999999 73 72 44 71 79 60 28 87 42 78 999999999 86 51 31 44 999999999 999999999 
5 20 29 57 57 44 77 50 52 999999999 999999999 23 94 7 999999999 2 93 77 999999999 17 92 999999999 999999999 39 999999999 57 999999999 999999999 37 37 17 999999999 999999999 49 999999999 14 3 55 72 66 999999999 10 37 5 0 12 1 52 97 999999999 40 999999999 999999999 31 45 93 83 999999999 56 30 34 6 999999999 47 90 65 999999999 999999999 67 68 29 88 52 999999999 999999999 9 76 999999999 999999999 999999999 99 25 999999999 6 999999999 86 999999999 87 63 49 1 53 25 66 91 22 27 999999999 48 27 
83 41 18 85 56 999999999 999999999 39 67 27 80 999999999 2 12 999999999 78 57 999999999 999999999 56 83 95 84 999999999 68 32 1 57 89 96 61 7 52 63 23 15 39 50 48 77 14 31 5 2 999999999 0 999999999 5 73 999999999 10 999999999 98 46 45 999999999 999999999 97 3 60 82 57 31 49 999999999 72 999999999 7 61 58 999999999 999999999 76 999999999 75 72 65 40 999999999 999999999 98 80 18 81 33 50 83 999999999 999999999 69 94 89 41 28 97 28 21 999999999 56 67 
29 89 3 42 999999999 999999999 999999999 999999999 36 1 21 13 46 37 99 6 79 67 999999999 25 29 79 83 6 999999999 999999999 91 58 28 98 52 82 87 37 999999999 80 75 57 41 999999999 9 37 20 999999999 999999999 36 0 52 17 64 90 57 999999999 50 999999999 24 98 18 16 97 999999999 73 26 22 999999999 97 43 61 4 999999999 70 100 999999999 91 999999999 999999999 71 999999999 999999999 33 999999999 25 999999999 999999999 83 5 30 999999999 42 999999999 3 999999999 54 7 16 999999999 72 82 43 66 
1 63 999999999 999999999 99 42 54 999999999 999999999 93 80 35 999999999 6 999999999 999999999 22 42 999999999 39 67 63 43 78 64 999999999 63 999999999 61 999999999 29 54 75 61 99 63 999999999 68 57 64 999999999 999999999 35 1 999999999 12 14 0 20 56 12 19 31 63 999999999 999999999 999999999 16 999999999 17 999999999 36 5 23 999999999 89 42 90 83 999999999 95 97 51 45 999999999 38 99 55 999999999 63 60 999999999 999999999 29 66 999999999 44 999999999 999999999 10 33 67 47 59 43 57 41 999999999 31 23 
999999999 5 56 20 64 64 98 999999999 999999999 999999999 26 999999999 999999999 7 21 52 38 84 17 31 77 84 53 58 48 69 17 16 55 97 75 56 35 18 28 96 10 97 33 13 999999999 2 45 999999999 19 96 83 999999999 0 999999999 54 41 999999999 95 74 76 32 26 999999999 999999999 999999999 999999999 1 77 46 26 999999999 27 34 999999999 86 45 4 8 69 83 999999999 88 999999999 39 74 999999999 14 55 73 12 999999999 7 57 999999999 82 28 999999999 999999999 999999999 31 999999999 61 28 999999999 
89 77 23 41 999999999 67 999999999 56 2 7 29 78 999999999 2 15 62 86 999999999 37 47 999999999 77 2 18 6 60 83 11 29 12 63 999999999 999999999 999999999 999999999 19 999999999 999999999 63 999999999 7 53 43 92 37 52 15 90 6 0 88 30 80 999999999 999999999 4 68 79 999999999 74 26 999999999 55 5 89 999999999 999999999 85 999999999 86 41 999999999 55 98 4 74 999999999 999999999 10 45 999999999 16 33 51 23 999999999 74 999999999 67 98 90 999999999 25 51 98 46 999999999 8 999999999 73 
6 999999999 999999999 27 999999999 69 54 95 999999999 999999999 999999999 26 999999999 66 999999999 86 999999999 999999999 68 70 999999999 68 48 10 57 999999999 77 45 999999999 999999999 999999999 999999999 16 999999999 999999999 999999999 99 999999999 999999999 999999999 999999999 45 89 999999999 999999999 26 34 999999999 6 90 0 43 999999999 63 79 51 37 74 999999999 55 45 95 999999999 70 100 999999999 999999999 58 999999999 60 37 92 78 94 60 97 86 999999999 13 81 999999999 999999999 92 10 999999999 69 999999999 17 77 8 13 999999999 33 999999999 999999999 44 40 91 999999999 12 
21 999999999 67 999999999 999999999 48 1 999999999 53 43 88 95 21 999999999 999999999 999999999 19 58 999999999 68 44 999999999 999999999 999999999 24 37 999999999 25 19 81 999999999 26 999999999 39 32 999999999 74 2 56 999999999 4 96 60 68 33 999999999 999999999 57 22 999999999 51 0 31 26 999999999 98 999999999 999999999 59 48 100 999999999 22 999999999 999999999 26 76 79 8 80 999999999 7 39 999999999 999999999 17 999999999 999999999 47 95 63 55 9 35 999999999 90 38 999999999 64 72 99 31 999999999 86 9 65 99 24 36 50 
100 13 92 999999999 60 87 81 999999999 98 999999999 97 88 70 999999999 999999999 999999999 2 79 26 3 6 10 49 99 58 41 999999999 95 11 999999999 999999999 29 80 47 999999999 999999999 35 1 30 5 95 999999999 63 11 999999999 86 999999999 97 999999999 39 999999999 999999999 0 28 39 999999999 999999999 63 22 39 14 6 94 12 98 96 999999999 14 75 88 1 999999999 32 999999999 76 45 999999999 39 999999999 25 87 999999999 999999999 999999999 55 5 29 999999999 82 999999999 47 57 85 40 9 999999999 5 999999999 1 4 
24 94 90 999999999 3 999999999 999999999 46 999999999 1 90 99 17 16 75 75 52 999999999 48 28 12 34 7 999999999 62 999999999 83 93 999999999 80 999999999 51 999999999 999999999 92 999999999 96 18 52 999999999 63 15 999999999 70 79 97 999999999 999999999 96 999999999 96 999999999 85 0 88 11 48 6 54 999999999 61 999999999 999999999 17 75 23 999999999 53 47 17 49 14 999999999 39 48 76 23 999999999 23 999999999 999999999 13 999999999 22 40 999999999 38 88 10 99 21 999999999 57 999999999 43 65 23 63 55 999999999 
48 74 88 44 26 40 33 999999999 39 51 31 69 999999999 999999999 27 51 999999999 999999999 3 999999999 84 999999999 71 61 999999999 76 89 2 999999999 59 96 24 65 1 999999999 1 999999999 999999999 38 10 51 999999999 52 50 999999999 99 4 999999999 999999999 42 65 12 5 6 0 67 10 999999999 83 89 7 63 53 72 21 38 39 999999999 50 52 35 999999999 72 999999999 13 999999999 91 999999999 74 89 37 999999999 31 39 63 17 56 56 999999999 24 51 999999999 999999999 61 86 29 56 93 21 30 
43 75 35 35 999999999 999999999 999999999 999999999 999999999 999999999 999999999 69 999999999 74 13 87 999999999 92 999999999 67 93 73 18 999999999 39 3 85 999999999 71 999999999 72 999999999 999999999 85 999999999 67 69 24 999999999 999999999 100 13 14 999999999 30 52 87 46 93 27 36 12 999999999 999999999 4 0 47 999999999 46 999999999 56 38 96 88 999999999 999999999 73 73 19 8 75 999999999 96 999999999 999999999 33 999999999 999999999 45 18 999999999 40 74 4 34 78 58 12 999999999 46 82 84 7 61 90 78 72 93 8 999999999 
62 8 999999999 59 93 49 1 999999999 74 86 48 77 2 999999999 999999999 30 16 90 26 999999999 999999999 24 48 66 999999999 94 999999999 999999999 32 999999999 80 17 78 999999999 12 999999999 85 33 51 52 999999999 999999999 26 84 999999999 35 44 17 12 99 21 67 90 26 96 11 0 999999999 999999999 999999999 999999999 28 47 77 99 28 999999999 60 98 88 41 999999999 83 67 46 65 999999999 76 32 77 65 55 1 9 999999999 71 69 56 21 58 999999999 35 18 999999999 71 999999999 999999999 99 11 18 
999999999 12 999999999 999999999 999999999 38 37 57 42 85 4 97 36 30 43 999999999 20 999999999 55 47 999999999 7 51 999999999 37 999999999 45 53 999999999 22 82 29 999999999 11 53 60 4 86 999999999 999999999 70 70 43 95 54 10 64 94 84 7 27 999999999 47 999999999 999999999 21 79 0 999999999 999999999 50 68 53 97 999999999 93 999999999 40 91 32 73 93 62 40 999999999 999999999 68 95 999999999 64 999999999 5 999999999 7 6 9 48 48 9 999999999 999999999 49 999999999 5 28 39 66 72 84 93 
999999999 22 64 999999999 999999999 999999999 9 83 85 55 999999999 90 48 92 999999999 6 51 96 82 999999999 88 999999999 24 77 60 36 76 59 72 999999999 91 34 17 55 75 999999999 9 999999999 999999999 32 80 999999999 999999999 49 72 999999999 82 17 28 999999999 999999999 22 19 42 98 999999999 97 999999999 0 81 93 55 65 58 95 41 91 56 73 21 82 46 42 18 55 8 98 999999999 999999999 999999999 42 77 4 84 11 57 78 999999999 84 30 999999999 81 54 999999999 94 23 69 999999999 95 73 
38 14 85 999999999 999999999 66 94 999999999 999999999 56 53 67 64 27 55 999999999 82 90 999999999 999999999 29 34 999999999 59 999999999 999999999 72 2 20 999999999 57 999999999 34 39 18 999999999 32 999999999 75 30 1 999999999 999999999 24 999999999 999999999 46 999999999 94 999999999 999999999 999999999 999999999 84 999999999 5 34 98 999999999 0 999999999 86 999999999 999999999 98 999999999 61 86 999999999 75 999999999 1 39 22 59 999999999 999999999 79 43 66 38 55 5 91 15 999999999 93 999999999 46 96 68 999999999 69 51 40 4 67 46 52 23 
999999999 7 76 86 999999999 79 85 12 7 88 42 66 89 36 72 999999999 85 66 999999999 999999999 67 98 999999999 999999999 14 999999999 59 31 97 90 50 83 13 83 999999999 44 999999999 50 82 61 55 999999999 999999999 80 999999999 999999999 999999999 47 6 999999999 999999999 33 59 999999999 47 74 78 3 999999999 999999999 0 83 999999999 999999999 999999999 6 38 70 999999999 999999999 51 999999999 11 47 999999999 43 97 999999999 5 999999999 68 33 60 7 44 99 74 36 36 71 10 999999999 999999999 18 30 999999999 3 50 62 46 
999999999 91 99 999999999 999999999 96 41 77 13 999999999 36 75 999999999 999999999 19 999999999 88 85 52 999999999 999999999 8 95 999999999 71 18 42 70 65 52 62 24 2 55 60 38 23 63 100 29 999999999 999999999 97 999999999 66 999999999 99 57 86 37 43 98 63 999999999 30 75 75 54 53 66 2 0 32 60 34 18 26 77 26 86 999999999 70 4 999999999 56 89 999999999 24 54 38 999999999 12 78 95 54 999999999 999999999 50 35 11 17 49 24 999999999 11 4 999999999 999999999 999999999 19 
79 79 60 76 90 999999999 999999999 27 82 80 35 35 59 73 93 29 21 28 42 80 78 50 999999999 999999999 4 2 56 65 999999999 72 8 14 999999999 54 999999999 24 999999999 87 69 63 59 65 43 89 43 14 46 36 46 14 999999999 999999999 20 41 80 999999999 60 14 47 999999999 55 36 0 17 78 74 65 26 67 20 81 39 87 999999999 80 999999999 68 999999999 53 999999999 25 60 999999999 29 96 39 34 45 49 999999999 45 999999999 53 67 27 1 2 999999999 72 18 
59 28 37 999999999 34 999999999 999999999 63 87 51 999999999 12 999999999 999999999 62 44 9 86 74 999999999 999999999 999999999 999999999 45 96 999999999 41 66 20 50 46 64 54 22 36 25 47 50 18 999999999 25 6 22 999999999 78 999999999 999999999 47 999999999 49 71 74 999999999 95 999999999 94 69 97 999999999 21 42 27 83 0 84 51 999999999 68 14 999999999 18 34 999999999 23 19 999999999 29 3 6 45 6 29 31 45 86 999999999 14 2 57 90 24 78 5 65 12 64 999999999 79 67 66 
999999999 77 54 82 82 999999999 96 61 98 999999999 9 59 999999999 32 88 56 23 81 999999999 16 99 74 999999999 999999999 11 14 57 999999999 6 67 48 58 10 28 999999999 999999999 999999999 999999999 15 16 98 999999999 999999999 999999999 51 81 999999999 999999999 10 999999999 52 39 43 79 41 61 86 36 999999999 95 51 81 999999999 999999999 0 93 999999999 24 62 5 999999999 999999999 68 2 98 18 58 999999999 999999999 999999999 999999999 97 75 1 55 13 13 999999999 999999999 999999999 999999999 92 58 35 999999999 29 61 89 54 67 
55 999999999 999999999 21 83 49 999999999 999999999 88 99 68 999999999 64 999999999 66 84 90 999999999 9 2 46 8 999999999 18 999999999 24 14 39 73 46 96 999999999 93 59 77 999999999 18 45 999999999 45 59 999999999 999999999 91 38 999999999 87 36 999999999 86 11 50 999999999 999999999 999999999 71 16 51 81 38 999999999 8 71 27 83 0 27 69 68 999999999 5 87 81 67 96 97 32 999999999 85 999999999 92 64 999999999 39 999999999 999999999 46 78 999999999 999999999 57 23 34 999999999 5 85 999999999 6 999999999 56 
25 84 999999999 11 999999999 88 92 4 6 26 999999999 999999999 999999999 999999999 999999999 38 77 23 49 52 52 999999999 999999999 69 70 70 33 88 91 48 999999999 17 85 53 4 67 35 100 79 999999999 999999999 57 35 27 999999999 37 1 999999999 999999999 47 999999999 38 999999999 57 999999999 99 999999999 55 999999999 61 38 999999999 999999999 53 999999999 999999999 0 94 32 999999999 999999999 77 28 75 11 9 68 999999999 16 999999999 999999999 8 999999999 999999999 45 28 40 999999999 31 65 10 91 2 37 1 70 999999999 11 999999999 93 
50 97 999999999 999999999 32 42 999999999 69 54 999999999 999999999 48 55 999999999 17 100 89 61 23 50 47 45 16 999999999 999999999 15 999999999 999999999 31 4 68 999999999 10 36 999999999 35 71 34 93 39 999999999 999999999 27 999999999 82 62 999999999 20 52 9 999999999 81 999999999 29 82 78 74 90 77 42 93 23 5 39 46 37 81 0 99 73 999999999 999999999 999999999 999999999 999999999 46 30 21 999999999 30 73 999999999 9 39 10 999999999 999999999 73 999999999 18 65 8 97 999999999 999999999 96 97 999999999 999999999 64 
45 33 999999999 45 75 999999999 999999999 62 31 999999999 87 77 11 64 5 999999999 89 83 39 9 999999999 26 999999999 20 57 10 999999999 19 81 89 999999999 999999999 999999999 999999999 999999999 27 59 22 45 63 95 999999999 86 79 14 39 17 93 89 999999999 999999999 999999999 82 20 999999999 999999999 999999999 9 33 999999999 999999999 999999999 999999999 47 45 36 86 55 0 999999999 83 999999999 9 999999999 33 2 999999999 999999999 71 46 36 34 21 999999999 999999999 54 56 13 1 999999999 86 78 30 93 50 999999999 999999999 6 999999999 5 
8 64 52 999999999 999999999 999999999 3 999999999 999999999 999999999 35 45 76 29 999999999 999999999 7 12 26 999999999 10 78 20 999999999 999999999 999999999 999999999 41 999999999 999999999 999999999 999999999 999999999 999999999 3 87 63 999999999 5 13 999999999 93 999999999 91 62 21 999999999 59 20 999999999 1 97 999999999 999999999 83 999999999 999999999 98 999999999 29 84 15 25 49 55 38 55 56 27 0 999999999 999999999 38 999999999 2 75 999999999 28 999999999 11 999999999 999999999 48 46 52 7 64 999999999 25 44 999999999 84 999999999 16 51 70 999999999 98 54 999999999 
1 9 52 31 62 2 999999999 13 5 53 999999999 7 89 22 98 65 84 92 55 22 999999999 999999999 48 999999999 87 99 91 10 74 999999999 27 42 98 4 60 999999999 51 40 3 68 37 50 73 999999999 999999999 76 999999999 8 11 11 39 999999999 999999999 69 36 91 44 10 75 999999999 999999999 29 999999999 64 999999999 73 86 25 18 999999999 0 999999999 999999999 32 3 7 20 999999999 79 999999999 999999999 99 999999999 61 73 999999999 24 19 85 74 71 999999999 999999999 999999999 37 999999999 999999999 999999999 999999999 41 
69 999999999 66 46 43 7 40 43 54 60 21 55 92 999999999 11 59 1 95 999999999 93 40 70 999999999 65 89 84 39 37 53 71 33 84 999999999 77 999999999 23 32 24 62 33 68 84 87 28 999999999 95 999999999 999999999 999999999 98 65 64 21 999999999 99 1 1 999999999 82 50 53 70 29 9 2 999999999 59 999999999 50 48 93 0 89 7 999999999 4 85 17 26 13 99 999999999 11 999999999 51 12 4 999999999 15 999999999 59 89 28 23 16 999999999 39 52 59 12 
57 23 19 24 999999999 52 88 58 999999999 999999999 76 90 999999999 51 999999999 49 76 88 86 61 16 14 999999999 57 100 999999999 11 999999999 38 999999999 999999999 90 1 3 999999999 65 60 56 999999999 61 75 31 51 72 999999999 82 69 45 48 999999999 6 51 84 999999999 999999999 87 999999999 28 999999999 25 55 59 36 56 37 97 30 62 34 21 75 21 0 999999999 3 44 22 999999999 60 7 57 97 20 90 67 42 36 43 999999999 48 999999999 999999999 63 7 43 999999999 24 94 999999999 999999999 
999999999 92 999999999 22 66 76 10 52 49 999999999 5 999999999 64 91 999999999 999999999 17 64 999999999 999999999 2 999999999 42 81 29 35 999999999 71 37 40 43 59 29 10 14 999999999 91 15 999999999 999999999 19 95 74 78 999999999 20 14 85 11 48 999999999 71 78 999999999 29 16 24 8 72 81 84 90 45 67 999999999 38 50 999999999 6 78 999999999 46 999999999 0 26 64 999999999 999999999 999999999 96 39 999999999 100 999999999 76 13 78 14 999999999 34 36 999999999 999999999 999999999 39 40 999999999 999999999 56 82 
999999999 92 23 51 46 7 999999999 84 78 98 999999999 48 95 99 70 999999999 50 87 98 55 999999999 999999999 999999999 63 999999999 46 71 999999999 999999999 85 24 43 56 71 22 999999999 47 4 82 999999999 999999999 31 6 64 5 67 20 6 95 70 999999999 77 82 59 14 100 999999999 67 30 999999999 82 30 77 999999999 74 6 37 97 65 999999999 61 55 66 31 0 999999999 999999999 999999999 64 47 999999999 74 27 999999999 44 16 28 18 22 72 999999999 999999999 7 87 80 22 34 52 999999999 35 
70 91 999999999 27 1 16 51 999999999 999999999 50 999999999 96 52 66 91 99 51 84 999999999 62 999999999 23 78 22 38 999999999 94 62 86 7 10 21 999999999 2 999999999 999999999 97 67 999999999 999999999 28 999999999 44 27 23 15 999999999 42 2 85 100 999999999 999999999 71 62 999999999 19 8 91 72 999999999 85 38 85 100 58 12 20 81 29 54 48 85 999999999 999999999 0 999999999 999999999 999999999 66 999999999 25 75 999999999 54 999999999 999999999 999999999 83 60 999999999 65 31 93 19 999999999 999999999 64 999999999 58 
999999999 87 60 55 61 5 999999999 17 999999999 15 80 30 21 16 999999999 50 45 999999999 999999999 4 32 84 57 999999999 66 13 999999999 41 32 27 11 10 86 90 53 55 999999999 48 999999999 999999999 80 53 96 38 84 999999999 73 42 78 22 100 40 999999999 22 100 999999999 21 11 87 100 999999999 999999999 31 999999999 11 12 999999999 47 33 22 999999999 15 25 999999999 84 13 0 999999999 75 999999999 63 999999999 94 999999999 9 999999999 999999999 24 999999999 62 999999999 61 46 65 73 91 31 58 65 38 
17 67 80 16 34 46 3 78 76 75 64 8 64 999999999 46 52 999999999 999999999 999999999 34 44 100 999999999 98 29 84 999999999 73 11 68 999999999 55 64 4 999999999 66 5 26 24 18 999999999 21 25 46 999999999 52 999999999 1 34 25 7 99 999999999 29 50 9 59 999999999 999999999 999999999 75 91 68 66 999999999 999999999 37 95 53 52 999999999 19 8 999999999 999999999 999999999 59 0 60 80 89 999999999 62 999999999 52 49 82 999999999 999999999 88 68 64 39 30 999999999 62 63 999999999 18 1 
37 87 52 41 999999999 53 84 14 36 999999999 999999999 999999999 999999999 92 60 5 40 15 91 49 37 11 61 999999999 88 55 74 29 92 73 8 48 54 999999999 52 999999999 44 7 999999999 100 65 64 43 90 99 37 75 84 81 74 72 81 88 999999999 4 44 32 999999999 999999999 999999999 92 999999999 999999999 43 92 53 999999999 5 49 12 62 999999999 31 999999999 99 29 44 999999999 0 89 61 999999999 84 70 999999999 2 41 999999999 999999999 60 72 39 55 999999999 999999999 71 999999999 999999999 36 61 
25 4 999999999 42 14 47 999999999 32 4 999999999 37 64 999999999 48 999999999 49 43 30 999999999 999999999 89 81 51 32 66 73 90 999999999 999999999 1 999999999 38 36 999999999 64 60 41 70 11 46 91 33 74 77 999999999 999999999 71 999999999 28 66 18 3 46 999999999 999999999 73 62 999999999 75 14 36 999999999 43 14 43 20 999999999 999999999 67 61 4 999999999 999999999 999999999 999999999 999999999 40 28 98 0 92 56 999999999 999999999 38 999999999 53 53 999999999 999999999 999999999 12 54 95 67 999999999 999999999 999999999 69 27 
999999999 1 32 31 87 46 40 87 14 81 5 37 17 19 55 999999999 32 31 999999999 999999999 24 77 999999999 65 5 41 6 69 81 999999999 999999999 94 82 999999999 87 1 36 999999999 999999999 35 1 28 23 999999999 42 54 24 999999999 1 44 45 999999999 90 97 999999999 999999999 6 23 71 24 83 999999999 16 68 73 51 63 999999999 19 40 34 999999999 999999999 44 999999999 63 999999999 24 999999999 999999999 0 999999999 80 999999999 36 20 60 72 83 999999999 999999999 22 9 36 999999999 86 38 76 33 20 
999999999 89 49 999999999 75 56 82 999999999 999999999 42 83 80 77 27 61 34 32 65 86 999999999 13 39 75 19 34 92 999999999 999999999 999999999 82 39 11 24 36 68 17 48 999999999 71 999999999 2 999999999 76 999999999 999999999 53 999999999 999999999 65 57 999999999 28 999999999 999999999 89 999999999 44 90 53 24 81 31 66 10 35 6 84 10 36 999999999 86 67 999999999 19 999999999 85 8 75 28 999999999 34 0 95 34 999999999 999999999 999999999 999999999 999999999 72 96 21 69 999999999 73 999999999 999999999 90 57 999999999 
94 67 999999999 55 999999999 999999999 87 999999999 999999999 40 69 10 12 69 87 55 86 33 999999999 32 999999999 999999999 999999999 999999999 39 999999999 999999999 999999999 999999999 999999999 55 85 63 79 70 999999999 999999999 999999999 999999999 999999999 999999999 63 81 56 35 18 47 95 80 31 65 51 99 56 999999999 5 999999999 999999999 999999999 35 55 999999999 20 999999999 999999999 999999999 999999999 999999999 999999999 26 999999999 74 48 53 77 38 73 999999999 85 87 25 45 0 23 38 88 55 82 29 999999999 999999999 88 999999999 999999999 999999999 62 64 999999999 84 79 
95 58 999999999 43 61 40 73 999999999 57 53 68 999999999 85 3 72 999999999 999999999 26 98 68 999999999 999999999 14 97 999999999 48 34 69 64 999999999 4 999999999 1 67 999999999 999999999 97 37 11 999999999 999999999 42 24 41 38 15 52 999999999 999999999 94 999999999 97 76 36 69 23 9 70 9 11 95 66 92 81 48 999999999 999999999 999999999 81 68 17 96 65 999999999 36 999999999 9 90 16 84 49 69 59 0 35 999999999 3 999999999 73 999999999 16 9 61 11 49 999999999 20 6 999999999 37 
37 999999999 100 999999999 15 29 13 999999999 50 41 11 59 28 22 43 65 999999999 68 71 999999999 18 100 78 50 30 999999999 999999999 35 59 10 999999999 53 999999999 999999999 999999999 99 999999999 40 999999999 74 49 999999999 69 49 999999999 13 58 11 999999999 56 12 999999999 999999999 55 54 19 4 23 19 999999999 999999999 23 74 63 31 93 65 7 15 999999999 99 84 999999999 86 71 999999999 45 28 51 38 70 33 48 999999999 0 40 20 12 59 999999999 32 57 95 999999999 999999999 999999999 999999999 18 32 48 
67 999999999 84 85 35 7 40 999999999 999999999 82 999999999 80 94 86 999999999 72 999999999 999999999 68 999999999 999999999 71 999999999 999999999 999999999 46 999999999 61 42 45 68 26 98 79 80 999999999 999999999 999999999 47 87 78 72 30 100 25 65 42 999999999 98 27 29 999999999 92 999999999 36 999999999 4 999999999 37 19 95 999999999 35 79 84 3 999999999 999999999 18 45 11 45 98 54 97 999999999 999999999 91 79 999999999 77 60 25 75 81 0 76 37 999999999 9 999999999 999999999 97 999999999 16 18 67 8 4 75 
999999999 44 18 76 100 34 46 92 78 92 999999999 88 18 7 59 8 999999999 999999999 23 999999999 59 41 97 3 999999999 999999999 999999999 36 24 7 999999999 58 93 76 58 999999999 999999999 999999999 74 999999999 999999999 999999999 999999999 19 19 999999999 14 999999999 45 69 91 66 55 999999999 999999999 999999999 34 90 99 18 19 11 96 999999999 98 999999999 86 61 74 69 3 26 65 93 999999999 999999999 24 81 75 27 9 23 50 22 92 57 0 999999999 6 81 44 999999999 999999999 999999999 77 68 999999999 999999999 22 94 
31 77 999999999 999999999 37 999999999 26 46 86 100 999999999 75 42 73 35 66 64 999999999 99 5 999999999 83 26 999999999 999999999 32 59 53 38 26 51 43 999999999 999999999 13 999999999 76 95 80 62 92 999999999 39 20 52 28 47 999999999 999999999 12 55 61 999999999 999999999 17 999999999 999999999 91 78 72 56 32 999999999 999999999 66 52 999999999 999999999 999999999 48 88 999999999 35 999999999 11 53 90 83 999999999 48 20 999999999 999999999 40 26 58 40 0 999999999 5 3 999999999 47 999999999 4 40 10 5 999999999 999999999 
999999999 12 90 68 49 72 95 999999999 48 79 999999999 71 6 34 90 999999999 999999999 999999999 999999999 9 999999999 66 44 64 44 43 94 30 999999999 9 999999999 999999999 33 999999999 63 999999999 77 85 999999999 999999999 999999999 47 100 96 54 999999999 999999999 999999999 29 24 999999999 999999999 999999999 75 56 44 6 19 14 98 999999999 35 999999999 999999999 59 49 999999999 45 88 67 23 999999999 74 43 15 46 999999999 999999999 88 74 999999999 999999999 8 15 85 90 82 999999999 0 999999999 999999999 30 34 21 999999999 999999999 999999999 28 95 99 
59 95 73 29 58 27 999999999 999999999 999999999 23 98 44 20 999999999 48 31 999999999 45 999999999 999999999 999999999 20 999999999 53 999999999 59 72 66 999999999 78 999999999 36 36 37 70 4 86 999999999 89 999999999 6 55 4 36 49 66 20 91 999999999 22 59 54 25 16 97 1 8 999999999 97 999999999 77 999999999 21 999999999 64 52 999999999 999999999 73 999999999 82 999999999 29 98 999999999 40 80 28 79 42 82 90 66 999999999 100 35 999999999 999999999 81 0 9 99 92 96 999999999 54 999999999 25 28 69 
11 999999999 65 79 999999999 86 69 45 999999999 79 97 97 6 90 11 999999999 999999999 26 98 97 999999999 4 999999999 20 35 66 53 1 69 73 61 999999999 999999999 87 88 90 27 84 999999999 84 83 34 32 42 999999999 26 69 4 999999999 23 38 56 39 27 15 79 24 92 999999999 999999999 45 23 999999999 79 999999999 7 999999999 8 999999999 999999999 12 87 999999999 54 47 49 999999999 999999999 36 58 999999999 49 15 999999999 999999999 999999999 21 7 73 94 0 99 23 999999999 94 27 41 999999999 17 999999999 
30 65 20 93 999999999 64 10 999999999 74 61 35 64 43 69 68 46 17 42 19 28 999999999 73 68 70 999999999 47 47 64 31 84 87 999999999 56 37 23 5 999999999 4 999999999 23 85 58 57 999999999 80 999999999 65 61 59 41 28 999999999 81 93 14 999999999 91 75 90 49 999999999 89 67 64 999999999 71 87 2 999999999 999999999 76 31 999999999 73 17 999999999 53 1 83 76 999999999 16 99 999999999 28 999999999 64 999999999 56 27 11 0 30 33 19 999999999 24 999999999 49 34 
28 91 999999999 34 73 53 72 73 999999999 88 62 42 11 65 41 4 999999999 67 15 29 86 80 53 59 87 38 16 80 999999999 12 999999999 999999999 999999999 78 12 24 2 999999999 27 51 50 999999999 999999999 15 60 48 48 999999999 999999999 999999999 999999999 72 61 54 999999999 38 999999999 84 43 999999999 999999999 68 21 50 3 999999999 31 18 999999999 999999999 8 28 23 97 93 74 40 43 999999999 999999999 89 999999999 74 93 999999999 27 999999999 35 90 999999999 40 98 0 80 999999999 80 999999999 89 83 37 
34 30 21 80 56 25 999999999 999999999 95 999999999 25 56 74 999999999 37 72 999999999 999999999 34 5 78 72 37 1 999999999 41 7 34 999999999 97 999999999 80 20 73 43 999999999 40 999999999 999999999 999999999 999999999 79 999999999 999999999 999999999 23 69 63 75 93 44 36 18 38 59 44 70 99 999999999 42 89 99 999999999 42 999999999 56 44 56 13 21 999999999 30 85 38 58 28 2 999999999 33 41 95 999999999 71 999999999 82 99 999999999 50 16 23 999999999 51 20 0 999999999 999999999 59 93 63 67 
6 24 999999999 71 21 44 999999999 40 999999999 999999999 999999999 59 1 999999999 999999999 999999999 81 55 22 999999999 26 27 999999999 66 59 999999999 54 91 62 999999999 999999999 97 90 999999999 999999999 76 38 24 33 46 41 65 98 999999999 999999999 68 999999999 53 51 73 28 9 999999999 89 54 6 99 32 999999999 999999999 2 12 999999999 999999999 13 999999999 72 999999999 66 999999999 25 78 90 67 44 78 999999999 999999999 63 34 78 45 71 14 7 11 42 63 47 59 999999999 84 8 999999999 0 999999999 10 51 999999999 25 
58 85 29 999999999 59 58 88 6 67 999999999 999999999 46 36 999999999 999999999 79 16 999999999 93 74 23 60 90 84 999999999 59 40 999999999 1 83 31 91 21 999999999 999999999 30 26 30 36 55 57 12 19 42 60 38 77 89 88 999999999 20 72 25 24 60 21 34 82 27 999999999 999999999 34 999999999 82 999999999 96 999999999 999999999 86 999999999 67 14 999999999 15 51 31 999999999 999999999 999999999 35 46 41 100 33 999999999 999999999 10 29 999999999 59 999999999 4 78 2 999999999 0 999999999 48 22 50 
999999999 999999999 40 55 58 92 70 65 999999999 23 999999999 999999999 51 74 15 999999999 38 999999999 999999999 39 999999999 999999999 999999999 999999999 2 41 48 19 999999999 19 999999999 25 999999999 93 35 84 30 11 999999999 69 47 92 999999999 80 7 999999999 3 96 999999999 90 999999999 999999999 86 999999999 27 61 999999999 99 80 13 43 47 84 34 999999999 999999999 32 14 51 999999999 80 11 96 999999999 90 100 83 62 97 17 9 13 16 6 85 999999999 68 89 88 999999999 81 16 68 999999999 36 95 0 60 21 999999999 
18 999999999 46 999999999 88 14 23 999999999 60 999999999 94 54 999999999 93 91 21 42 94 50 49 80 85 57 74 61 999999999 15 999999999 999999999 86 36 54 999999999 999999999 56 66 999999999 32 999999999 999999999 73 37 90 24 55 99 999999999 72 37 26 50 23 68 67 89 999999999 41 95 95 999999999 22 4 999999999 999999999 24 999999999 999999999 12 42 53 40 74 63 999999999 91 38 10 12 58 56 999999999 23 3 999999999 60 50 30 999999999 37 999999999 23 999999999 999999999 13 999999999 86 999999999 0 15 58 
73 24 95 89 39 95 51 63 70 999999999 999999999 20 83 999999999 90 16 999999999 999999999 84 84 999999999 93 55 28 54 52 999999999 57 999999999 999999999 60 15 86 8 75 27 20 24 90 999999999 96 999999999 83 46 999999999 19 999999999 61 999999999 75 999999999 35 999999999 73 64 48 19 999999999 97 999999999 61 24 9 999999999 57 79 67 73 46 999999999 30 999999999 57 999999999 999999999 64 55 85 999999999 999999999 61 65 30 62 13 999999999 31 999999999 11 62 999999999 43 2 24 999999999 10 50 5 0 6 
72 95 88 54 999999999 23 78 66 999999999 36 93 46 7 69 999999999 999999999 999999999 53 51 76 29 57 3 47 56 14 16 999999999 999999999 82 90 7 20 29 34 999999999 76 999999999 47 26 999999999 9 93 88 88 22 76 999999999 999999999 999999999 86 13 999999999 46 24 999999999 52 999999999 999999999 68 100 5 999999999 66 73 50 999999999 999999999 90 999999999 999999999 95 58 28 83 999999999 75 17 999999999 999999999 55 999999999 11 999999999 41 56 999999999 42 5 22 92 999999999 94 29 15 61 999999999 59 4 0 
