80
0 22 72 65 999999999 67 59 999999999 52 64 67 5 7 10 999999999 3 65 17 62 55 41 80 59 999999999 13 23 78 60 64 999999999 999999999 26 9 51 43 13 74 20 3 999999999 999999999 999999999 60 39 999999999 20 999999999 999999999 999999999 20 999999999 52 48 12 27 37 44 41 999999999 51 60 67 14 57 36 999999999 15 27 999999999 34 999999999 999999999 45 33 56 76 22 11 76 15 
35 0 999999999 77 999999999 33 75 49 999999999 78 999999999 999999999 999999999 70 38 16 50 71 25 12 999999999 43 42 15 53 999999999 20 24 51 20 1 35 43 31 68 16 23 72 999999999 70 999999999 36 999999999 999999999 53 32 999999999 999999999 999999999 26 15 999999999 41 72 72 21 56 999999999 62 53 999999999 999999999 68 76 52 999999999 8 16 999999999 74 73 999999999 999999999 29 999999999 20 47 26 7 80 
51 57 0 55 999999999 16 54 73 32 68 2 79 999999999 999999999 999999999 9 999999999 999999999 999999999 59 28 14 9 17 999999999 68 38 999999999 41 999999999 6 67 999999999 27 999999999 35 999999999 60 33 999999999 80 77 48 43 999999999 12 999999999 21 999999999 27 56 52 76 999999999 8 66 1 999999999 56 46 17 999999999 12 999999999 999999999 999999999 15 999999999 33 80 32 19 999999999 24 26 20 49 1 69 999999999 
73 999999999 999999999 0 30 56 6 50 999999999 39 999999999 37 999999999 999999999 1 14 57 2 999999999 999999999 999999999 25 7 999999999 35 999999999 999999999 53 33 25 999999999 999999999 999999999 1 68 65 25 59 999999999 999999999 32 999999999 20 78 999999999 47 33 58 1 999999999 8 35 69 999999999 17 31 999999999 999999999 58 59 36 43 79 18 76 999999999 47 23 35 31 54 31 35 5 999999999 1 999999999 999999999 79 47 
999999999 999999999 999999999 80 0 31 26 63 65 76 77 19 67 74 999999999 26 999999999 999999999 74 43 999999999 999999999 19 32 999999999 44 32 13 999999999 73 999999999 6 999999999 59 68 9 999999999 999999999 15 5 11 15 999999999 72 3 68 39 54 999999999 40 999999999 70 54 43 79 26 71 56 49 73 26 5 75 75 76 999999999 50 999999999 54 46 8 63 999999999 73 999999999 29 47 999999999 999999999 999999999 
51 35 67 999999999 74 0 24 999999999 999999999 3 999999999 13 65 999999999 55 999999999 999999999 999999999 71 999999999 999999999 59 55 999999999 999999999 79 34 5 999999999 999999999 20 67 65 50 61 68 41 63 42 999999999 60 62 55 999999999 64 999999999 68 40 80 999999999 999999999 63 999999999 999999999 999999999 20 6 80 6 999999999 57 16 999999999 25 999999999 78 71 999999999 999999999 64 58 75 999999999 51 74 80 40 999999999 21 1 
36 42 22 39 31 53 0 1 5 999999999 31 69 14 999999999 9 999999999 79 999999999 999999999 33 11 999999999 999999999 67 999999999 999999999 999999999 27 29 999999999 999999999 31 999999999 23 47 56 999999999 29 999999999 14 999999999 48 3 74 23 70 6 999999999 56 46 72 999999999 53 47 999999999 9 999999999 999999999 34 999999999 68 45 999999999 63 999999999 31 999999999 12 61 75 11 74 8 999999999 32 69 18 1 31 999999999 
999999999 66 999999999 44 999999999 999999999 999999999 0 27 72 999999999 27 53 48 999999999 999999999 999999999 21 999999999 54 5 34 62 999999999 999999999 4 79 74 999999999 55 999999999 13 999999999 999999999 64 79 20 42 999999999 11 28 39 22 999999999 23 29 24 36 79 17 999999999 999999999 69 38 53 68 76 2 24 42 77 16 999999999 41 27 999999999 999999999 24 999999999 1 34 54 16 79 4 999999999 36 71 41 999999999 
999999999 67 50 999999999 69 11 24 999999999 0 59 64 20 7 59 20 999999999 36 999999999 72 20 80 999999999 16 78 33 999999999 57 47 57 19 999999999 999999999 999999999 70 999999999 8 80 63 18 999999999 999999999 75 999999999 57 79 999999999 27 50 999999999 7 59 999999999 999999999 999999999 999999999 999999999 33 20 2 999999999 16 999999999 999999999 25 999999999 5 43 999999999 66 999999999 31 28 72 999999999 999999999 23 15 60 999999999 70 
999999999 54 999999999 44 28 12 999999999 14 52 0 999999999 51 22 55 999999999 33 59 999999999 79 22 19 65 16 63 74 33 70 999999999 20 7 36 62 51 9 72 39 64 68 29 66 999999999 24 59 999999999 3 999999999 999999999 76 6 46 11 999999999 16 73 70 7 76 34 62 999999999 73 20 999999999 7 999999999 79 999999999 71 34 999999999 66 46 999999999 22 40 999999999 79 50 999999999 71 
67 5 2 21 999999999 999999999 62 52 999999999 30 0 999999999 7 23 999999999 49 50 66 29 9 78 61 37 65 42 19 999999999 53 6 32 999999999 49 34 999999999 999999999 999999999 999999999 999999999 79 1 50 999999999 71 35 55 999999999 999999999 51 999999999 66 999999999 14 999999999 999999999 999999999 13 25 44 44 999999999 4 49 59 43 3 999999999 26 999999999 29 9 53 7 999999999 26 57 999999999 999999999 80 47 77 
56 999999999 28 43 74 4 69 999999999 19 39 52 0 22 999999999 28 8 57 999999999 999999999 999999999 999999999 999999999 999999999 999999999 46 3 48 999999999 6 67 999999999 999999999 999999999 999999999 999999999 62 999999999 22 65 35 999999999 25 4 999999999 11 36 999999999 999999999 14 67 13 999999999 38 25 44 38 999999999 999999999 55 75 7 999999999 73 74 7 71 54 36 999999999 53 71 999999999 53 22 26 18 5 80 30 65 
999999999 999999999 76 39 71 37 7 61 999999999 58 51 999999999 0 60 41 65 999999999 39 21 999999999 76 999999999 999999999 999999999 76 63 32 999999999 57 57 999999999 999999999 6 72 5 74 70 43 62 27 999999999 76 999999999 70 999999999 999999999 54 999999999 14 999999999 64 37 46 7 999999999 999999999 999999999 60 64 999999999 56 21 41 67 999999999 59 44 69 999999999 24 999999999 46 43 13 71 42 51 77 51 22 
12 999999999 32 73 80 80 999999999 78 29 6 54 999999999 999999999 0 999999999 999999999 999999999 76 999999999 72 69 69 999999999 53 999999999 49 80 68 28 31 45 999999999 67 49 60 999999999 21 13 999999999 999999999 61 30 36 999999999 999999999 999999999 999999999 70 36 17 55 77 999999999 19 999999999 999999999 66 6 999999999 999999999 999999999 43 999999999 999999999 60 35 16 38 66 22 77 61 70 999999999 999999999 71 1 70 999999999 999999999 
69 999999999 999999999 75 74 43 55 62 52 999999999 999999999 51 999999999 999999999 0 4 32 64 999999999 76 69 38 40 55 38 75 71 999999999 8 999999999 67 7 999999999 999999999 999999999 32 999999999 42 48 67 14 54 35 71 59 20 999999999 33 71 41 56 25 21 51 52 999999999 21 41 43 31 5 50 63 18 80 8 31 999999999 41 73 10 29 999999999 47 22 79 999999999 47 999999999 999999999 
6 46 999999999 63 26 8 999999999 13 27 45 80 31 999999999 19 55 0 999999999 999999999 63 999999999 49 999999999 999999999 61 57 6 64 35 999999999 80 9 999999999 42 65 58 999999999 999999999 17 22 42 999999999 46 999999999 78 77 4 51 42 999999999 63 999999999 59 16 22 55 25 65 1 43 42 999999999 999999999 32 79 999999999 6 29 18 64 999999999 999999999 999999999 999999999 999999999 59 63 23 999999999 999999999 999999999 
31 999999999 999999999 999999999 26 39 26 66 57 46 26 25 16 71 999999999 4 0 65 999999999 54 47 10 67 999999999 999999999 53 70 999999999 37 15 57 5 19 25 999999999 63 999999999 18 999999999 38 67 999999999 999999999 68 7 57 999999999 62 8 999999999 27 37 70 29 9 999999999 19 73 25 5 999999999 999999999 57 77 25 3 50 64 999999999 999999999 53 60 999999999 41 77 56 1 11 62 25 
72 28 24 14 999999999 64 24 27 47 999999999 999999999 999999999 13 22 68 999999999 32 0 23 9 999999999 40 68 79 999999999 11 999999999 14 70 58 46 999999999 24 18 34 39 999999999 999999999 42 45 79 59 56 76 49 30 999999999 45 67 39 999999999 36 8 51 61 10 999999999 999999999 999999999 22 33 23 999999999 32 24 28 46 26 999999999 36 16 18 999999999 999999999 72 53 65 5 65 58 
44 66 5 999999999 999999999 999999999 2 55 46 67 999999999 25 8 69 29 41 63 60 0 53 999999999 41 72 999999999 10 999999999 3 43 32 999999999 8 999999999 3 999999999 5 999999999 9 70 999999999 999999999 12 12 65 59 26 20 49 66 999999999 62 10 71 61 999999999 999999999 53 61 34 999999999 65 69 999999999 42 999999999 77 999999999 999999999 999999999 999999999 999999999 999999999 72 999999999 999999999 39 57 1 56 999999999 35 
76 999999999 48 66 58 53 31 999999999 62 25 56 41 22 36 68 72 5 71 999999999 0 999999999 999999999 63 49 43 999999999 56 28 999999999 13 66 999999999 6 999999999 999999999 999999999 999999999 56 999999999 79 42 999999999 56 72 999999999 39 32 4 999999999 43 45 999999999 42 999999999 79 59 55 25 1 999999999 3 999999999 11 79 26 76 5 16 999999999 999999999 999999999 6 999999999 34 14 41 999999999 30 57 11 
999999999 57 28 999999999 29 999999999 999999999 38 999999999 57 31 58 47 43 38 9 999999999 34 999999999 78 0 31 23 43 44 999999999 999999999 62 4 999999999 999999999 57 50 999999999 999999999 999999999 15 28 48 999999999 999999999 78 19 999999999 12 20 77 23 63 37 62 80 999999999 18 999999999 73 59 999999999 60 52 14 58 999999999 52 51 14 35 39 66 70 68 61 10 30 999999999 25 77 999999999 999999999 999999999 
42 999999999 77 999999999 999999999 999999999 19 999999999 72 27 80 74 31 69 36 6 30 999999999 71 19 53 0 52 33 5 20 999999999 64 13 12 999999999 79 26 999999999 27 36 999999999 39 25 4 19 999999999 999999999 57 47 62 68 2 999999999 64 56 1 77 32 21 76 2 999999999 74 34 28 30 8 999999999 999999999 39 54 61 34 35 999999999 70 999999999 70 42 999999999 999999999 12 44 21 
999999999 999999999 25 54 999999999 999999999 8 999999999 30 999999999 29 19 15 999999999 33 999999999 999999999 999999999 38 72 65 28 0 999999999 4 999999999 50 45 43 37 2 69 37 75 51 27 66 999999999 999999999 52 999999999 49 999999999 51 73 70 999999999 62 18 59 999999999 2 55 3 64 999999999 77 999999999 999999999 999999999 999999999 999999999 71 33 1 80 11 74 18 62 46 999999999 49 70 68 999999999 999999999 999999999 999999999 40 
51 63 999999999 13 21 16 999999999 65 32 13 36 34 22 78 999999999 20 999999999 999999999 70 999999999 6 80 999999999 0 56 34 64 63 999999999 999999999 999999999 999999999 45 999999999 999999999 63 2 62 22 999999999 55 11 47 59 7 15 999999999 28 999999999 999999999 25 999999999 51 999999999 29 46 999999999 999999999 10 66 43 30 999999999 19 3 35 55 28 999999999 26 44 9 999999999 62 53 3 999999999 32 2 38 
33 5 77 56 999999999 999999999 19 49 75 21 16 79 6 41 999999999 75 999999999 80 14 999999999 60 10 30 12 0 999999999 20 49 54 999999999 60 31 999999999 50 75 999999999 41 76 74 40 8 20 999999999 73 36 999999999 63 999999999 5 999999999 18 999999999 37 78 62 41 38 999999999 8 42 71 43 79 999999999 12 999999999 47 999999999 45 28 26 20 7 38 999999999 15 5 999999999 41 19 
24 999999999 999999999 999999999 5 20 56 79 46 8 35 59 66 1 58 64 6 69 2 13 30 78 26 36 53 0 999999999 74 38 66 999999999 999999999 79 999999999 60 45 52 999999999 54 26 31 1 21 999999999 999999999 37 37 999999999 4 55 999999999 32 72 999999999 33 29 999999999 26 37 54 24 999999999 999999999 37 999999999 13 67 999999999 38 37 2 999999999 66 999999999 11 999999999 61 999999999 9 59 
17 39 55 999999999 73 999999999 999999999 69 12 23 37 63 999999999 5 37 28 45 9 999999999 57 78 999999999 48 50 58 55 0 999999999 68 42 33 999999999 37 22 39 53 17 999999999 999999999 999999999 999999999 17 73 48 999999999 999999999 37 999999999 31 999999999 999999999 38 999999999 29 69 999999999 33 39 999999999 8 999999999 999999999 31 53 10 51 999999999 33 46 38 999999999 2 70 48 76 999999999 63 999999999 47 6 
60 15 999999999 999999999 65 25 999999999 49 70 7 999999999 29 72 999999999 999999999 37 59 999999999 71 999999999 59 999999999 999999999 42 41 21 59 0 999999999 71 36 19 46 29 58 14 9 5 58 51 999999999 999999999 999999999 52 41 35 999999999 999999999 75 25 7 63 999999999 999999999 999999999 20 54 79 42 18 56 73 39 64 22 62 999999999 38 42 28 27 70 999999999 70 51 999999999 69 28 11 63 
999999999 999999999 999999999 999999999 78 999999999 999999999 5 999999999 29 999999999 55 68 65 54 999999999 50 999999999 40 19 61 999999999 999999999 56 47 27 15 13 0 9 999999999 78 31 999999999 20 69 77 41 999999999 16 36 999999999 63 36 73 26 71 11 54 999999999 36 999999999 27 999999999 13 999999999 999999999 999999999 30 999999999 76 4 5 23 50 999999999 18 64 43 69 999999999 6 10 999999999 56 999999999 42 999999999 26 29 
23 999999999 13 65 47 15 40 23 64 999999999 58 999999999 15 999999999 32 999999999 47 42 21 999999999 14 22 49 20 999999999 56 45 999999999 3 0 15 36 29 999999999 58 80 30 38 26 999999999 33 74 23 45 63 26 999999999 999999999 27 26 999999999 26 76 47 2 55 999999999 79 999999999 999999999 59 5 49 34 59 32 15 48 999999999 28 31 69 999999999 70 999999999 999999999 77 63 32 43 
999999999 4 67 64 33 48 8 999999999 18 30 13 55 3 12 6 71 78 999999999 54 6 999999999 35 40 25 56 18 60 67 999999999 8 0 77 72 72 999999999 999999999 33 999999999 19 999999999 2 24 999999999 11 55 999999999 77 999999999 999999999 49 48 999999999 33 999999999 18 999999999 999999999 999999999 19 999999999 44 61 75 999999999 999999999 46 999999999 999999999 42 12 80 54 999999999 999999999 25 34 53 52 71 999999999 
999999999 4 28 72 999999999 24 52 999999999 15 62 11 73 999999999 999999999 999999999 999999999 999999999 66 24 30 999999999 2 52 999999999 999999999 999999999 999999999 999999999 72 78 27 0 5 59 19 43 999999999 72 18 4 21 42 62 999999999 80 18 71 18 62 999999999 6 999999999 54 30 39 49 70 56 76 49 999999999 65 999999999 26 73 75 32 72 999999999 34 58 13 999999999 69 38 37 999999999 60 23 38 
25 20 15 30 55 74 10 1 999999999 999999999 47 36 61 68 80 999999999 999999999 52 999999999 41 79 60 5 30 66 30 28 41 37 34 25 76 0 50 65 59 27 72 61 44 68 56 39 5 10 44 999999999 51 44 999999999 999999999 18 35 999999999 73 999999999 47 49 73 999999999 17 999999999 76 40 29 47 999999999 999999999 71 72 2 14 50 30 53 47 41 52 999999999 36 
80 999999999 59 11 79 78 25 6 52 43 6 64 999999999 34 12 999999999 6 999999999 5 70 33 69 27 55 8 78 23 999999999 2 32 999999999 999999999 80 0 76 78 33 62 999999999 7 999999999 37 18 46 999999999 999999999 56 79 10 66 33 999999999 999999999 62 54 9 999999999 999999999 50 37 59 72 20 24 8 999999999 67 1 57 69 999999999 999999999 999999999 9 22 999999999 999999999 39 15 71 
55 999999999 70 6 46 999999999 999999999 61 35 18 999999999 36 6 999999999 55 58 64 26 42 63 999999999 999999999 999999999 999999999 54 42 18 77 49 78 2 41 26 2 0 26 38 999999999 43 58 43 29 80 999999999 17 3 68 36 999999999 76 46 65 22 1 999999999 27 30 11 27 24 49 999999999 999999999 48 46 999999999 46 1 30 5 17 80 60 21 28 999999999 999999999 34 31 40 
61 76 27 30 5 13 999999999 26 999999999 80 3 8 74 58 21 66 999999999 12 8 18 999999999 53 74 999999999 999999999 35 11 33 70 999999999 999999999 999999999 35 49 999999999 0 23 11 74 44 999999999 999999999 999999999 29 29 43 50 34 999999999 999999999 999999999 29 32 999999999 70 5 10 80 31 999999999 78 63 999999999 999999999 22 62 16 6 29 7 999999999 41 999999999 6 999999999 999999999 46 8 2 12 
58 46 999999999 999999999 42 999999999 57 62 999999999 999999999 15 69 31 38 999999999 10 62 19 80 36 999999999 999999999 999999999 999999999 31 46 69 999999999 999999999 999999999 14 60 999999999 999999999 999999999 62 0 65 999999999 46 999999999 999999999 999999999 999999999 34 58 30 999999999 27 999999999 62 7 68 80 67 999999999 999999999 999999999 999999999 32 999999999 999999999 1 999999999 4 61 999999999 36 29 68 999999999 78 999999999 79 999999999 999999999 58 999999999 59 52 
15 76 30 40 36 52 60 999999999 999999999 40 39 29 999999999 63 5 34 999999999 27 999999999 36 64 38 18 18 54 34 36 25 999999999 999999999 59 999999999 999999999 40 999999999 7 59 0 999999999 7 31 75 79 999999999 59 21 999999999 1 48 27 999999999 58 39 20 50 17 20 9 24 49 78 40 20 3 999999999 21 18 18 70 999999999 23 20 999999999 20 59 43 999999999 66 63 66 
45 65 69 48 19 999999999 23 999999999 23 999999999 61 8 80 1 70 39 999999999 999999999 999999999 41 77 7 999999999 67 65 19 33 999999999 44 62 51 69 29 999999999 79 7 56 78 0 39 2 42 999999999 999999999 45 6 2 3 48 999999999 19 999999999 24 65 2 48 40 56 5 20 16 4 999999999 4 52 999999999 33 78 999999999 999999999 35 999999999 1 7 999999999 12 24 999999999 34 999999999 
12 999999999 999999999 61 30 26 4 33 10 999999999 4 999999999 38 67 56 16 45 9 18 75 999999999 17 999999999 999999999 999999999 74 29 35 999999999 999999999 4 22 14 63 30 39 999999999 22 999999999 0 999999999 999999999 64 78 58 999999999 999999999 70 58 6 999999999 61 22 10 999999999 16 74 59 999999999 37 25 26 15 41 52 48 65 999999999 29 50 75 79 3 3 78 64 42 6 38 27 
52 38 30 25 62 999999999 999999999 55 68 999999999 999999999 17 999999999 37 40 37 999999999 73 73 15 73 14 999999999 999999999 38 999999999 72 43 54 76 79 63 80 999999999 999999999 40 44 999999999 62 47 0 6 64 999999999 77 999999999 999999999 69 28 999999999 999999999 999999999 999999999 65 15 14 47 999999999 6 12 59 51 999999999 77 16 999999999 75 17 999999999 999999999 999999999 999999999 999999999 59 999999999 67 55 17 999999999 31 
2 8 54 33 54 61 15 999999999 49 10 71 66 999999999 999999999 25 65 46 66 59 33 999999999 13 999999999 8 19 47 999999999 63 65 33 999999999 26 78 79 999999999 999999999 999999999 66 55 71 999999999 0 13 51 44 999999999 26 5 13 60 43 999999999 72 21 38 59 78 26 73 999999999 35 73 35 23 28 64 999999999 999999999 66 30 78 13 14 58 74 24 999999999 999999999 999999999 1 
37 999999999 37 49 61 12 33 75 50 999999999 32 26 999999999 37 32 999999999 9 54 49 54 1 999999999 3 999999999 58 50 29 999999999 58 999999999 999999999 20 999999999 999999999 78 27 20 999999999 24 999999999 53 51 0 10 32 30 18 71 4 999999999 14 45 13 77 48 999999999 32 24 57 999999999 62 59 48 45 999999999 999999999 999999999 78 67 46 8 29 999999999 31 79 35 58 999999999 57 999999999 
54 32 66 52 999999999 28 999999999 999999999 24 45 64 55 36 999999999 70 999999999 58 3 999999999 15 46 20 999999999 39 999999999 72 23 999999999 33 999999999 25 48 999999999 30 999999999 77 79 999999999 999999999 46 999999999 41 63 0 55 42 999999999 43 999999999 57 999999999 32 12 999999999 999999999 55 57 6 25 49 999999999 7 51 999999999 999999999 77 59 66 15 999999999 6 2 59 19 34 38 54 31 16 12 
999999999 70 48 20 60 24 999999999 19 999999999 999999999 999999999 73 27 999999999 54 76 37 17 9 72 25 4 17 999999999 60 8 39 51 43 36 999999999 11 999999999 999999999 23 27 39 22 999999999 999999999 29 999999999 9 6 0 999999999 65 34 63 72 12 999999999 42 27 34 62 999999999 17 999999999 66 999999999 39 999999999 999999999 29 49 999999999 10 76 73 45 17 27 999999999 999999999 53 999999999 999999999 75 63 
999999999 79 50 3 17 13 999999999 999999999 66 65 29 64 39 999999999 71 40 75 999999999 21 7 63 999999999 36 7 999999999 2 51 999999999 58 80 999999999 16 33 999999999 12 999999999 999999999 69 18 8 37 57 13 49 40 0 14 67 61 56 29 38 1 999999999 68 7 12 23 79 53 19 19 63 66 999999999 74 12 80 13 999999999 77 69 73 44 38 58 27 68 33 999999999 
999999999 46 73 999999999 999999999 61 31 21 12 999999999 55 1 36 999999999 16 999999999 70 999999999 999999999 42 999999999 9 999999999 33 57 22 51 999999999 5 51 51 22 78 999999999 39 999999999 17 43 999999999 999999999 24 24 43 8 63 999999999 0 999999999 36 999999999 999999999 999999999 59 47 999999999 999999999 999999999 76 47 23 31 999999999 76 38 12 68 35 999999999 51 999999999 21 999999999 999999999 21 55 35 70 32 3 999999999 
33 10 65 70 37 34 999999999 999999999 999999999 37 49 20 30 42 10 30 999999999 999999999 999999999 999999999 54 999999999 999999999 25 3 999999999 16 11 74 30 45 13 56 58 999999999 999999999 54 999999999 6 22 26 35 11 43 42 999999999 20 0 999999999 999999999 999999999 34 999999999 6 13 999999999 999999999 60 35 43 23 999999999 999999999 999999999 63 27 27 13 999999999 42 62 61 23 62 40 55 78 13 1 999999999 
999999999 32 30 47 79 999999999 45 999999999 999999999 999999999 58 999999999 49 79 35 999999999 46 73 44 22 79 999999999 21 19 39 7 999999999 41 45 999999999 999999999 19 999999999 19 59 50 999999999 61 55 999999999 999999999 999999999 999999999 48 18 80 999999999 51 0 3 59 999999999 71 999999999 999999999 999999999 80 20 999999999 999999999 27 76 29 17 999999999 999999999 56 999999999 56 999999999 999999999 999999999 999999999 22 70 63 999999999 59 999999999 31 
70 63 77 10 59 16 63 69 41 17 47 80 41 18 999999999 18 999999999 30 60 77 999999999 35 29 56 60 13 75 27 74 36 10 999999999 999999999 57 38 17 999999999 22 52 999999999 66 70 17 999999999 11 39 999999999 30 25 0 60 48 12 45 62 31 63 76 13 999999999 53 57 69 60 24 999999999 21 26 64 20 1 999999999 33 19 3 999999999 6 44 77 68 
999999999 78 999999999 65 999999999 35 57 4 79 999999999 999999999 78 13 17 26 999999999 34 999999999 999999999 999999999 25 11 999999999 8 60 35 999999999 999999999 68 44 73 52 27 999999999 15 1 21 32 999999999 42 47 999999999 999999999 64 4 999999999 3 999999999 50 999999999 0 10 999999999 999999999 7 75 999999999 63 999999999 22 57 5 15 5 18 4 25 999999999 999999999 72 51 72 56 74 54 22 999999999 43 38 999999999 
23 29 31 1 19 39 14 999999999 999999999 999999999 5 51 2 22 6 18 19 42 61 32 27 999999999 39 48 10 40 71 5 12 999999999 18 999999999 999999999 999999999 64 999999999 999999999 29 70 8 999999999 999999999 999999999 54 999999999 999999999 40 21 15 9 37 0 64 41 34 2 38 44 52 78 31 79 35 60 999999999 55 999999999 999999999 80 999999999 5 65 54 67 33 35 999999999 23 999999999 66 
33 30 58 999999999 999999999 10 61 73 31 13 77 30 10 999999999 15 55 999999999 54 65 52 79 26 999999999 999999999 999999999 59 999999999 57 999999999 999999999 30 53 18 999999999 999999999 999999999 999999999 999999999 7 999999999 78 58 43 999999999 999999999 58 999999999 23 37 999999999 999999999 999999999 0 12 76 19 6 21 41 22 47 999999999 999999999 1 27 38 999999999 6 44 65 30 999999999 14 9 999999999 64 999999999 79 74 999999999 
58 57 999999999 16 999999999 57 999999999 999999999 35 2 66 999999999 41 60 27 999999999 22 999999999 999999999 41 999999999 39 5 60 999999999 33 35 7 38 999999999 32 29 80 4 40 21 67 57 19 14 5 21 32 999999999 999999999 999999999 27 34 999999999 999999999 32 68 27 0 13 999999999 6 999999999 999999999 999999999 999999999 999999999 45 52 59 999999999 999999999 15 46 999999999 999999999 9 999999999 39 21 48 999999999 999999999 41 999999999 
999999999 999999999 68 999999999 999999999 58 30 45 16 31 999999999 30 999999999 999999999 999999999 3 7 999999999 59 25 78 999999999 27 3 42 999999999 79 999999999 999999999 48 23 1 53 999999999 44 999999999 33 999999999 999999999 46 999999999 999999999 40 64 30 999999999 999999999 999999999 68 999999999 51 34 47 999999999 0 29 999999999 48 60 72 76 999999999 999999999 77 999999999 73 34 34 21 13 58 37 57 999999999 34 37 72 40 54 68 
43 999999999 76 47 17 34 49 53 10 66 999999999 999999999 64 50 44 59 50 999999999 74 55 31 28 60 69 76 31 50 43 75 999999999 59 999999999 6 43 12 999999999 22 46 32 62 18 999999999 49 999999999 53 34 2 999999999 11 999999999 56 16 999999999 999999999 59 0 999999999 27 999999999 999999999 33 58 1 76 2 999999999 47 999999999 17 15 39 999999999 999999999 999999999 41 999999999 13 71 999999999 5 
23 77 30 35 8 28 59 17 999999999 67 999999999 4 999999999 71 49 4 55 45 999999999 6 999999999 17 28 999999999 71 11 79 47 53 63 9 999999999 29 42 999999999 45 41 999999999 41 63 999999999 40 999999999 999999999 70 999999999 39 63 63 999999999 999999999 10 44 73 77 60 0 27 16 999999999 69 999999999 63 41 38 56 999999999 79 35 999999999 21 18 23 18 66 999999999 999999999 49 57 999999999 
999999999 56 9 20 20 999999999 999999999 999999999 43 43 999999999 30 75 999999999 71 46 51 6 37 10 999999999 23 35 999999999 64 999999999 26 999999999 30 999999999 11 31 999999999 999999999 999999999 5 4 65 999999999 39 68 999999999 999999999 999999999 76 56 65 999999999 999999999 10 7 49 15 26 999999999 53 51 0 26 71 72 59 17 21 999999999 76 78 64 999999999 13 64 999999999 22 999999999 999999999 999999999 24 2 999999999 74 
999999999 63 40 29 37 20 999999999 999999999 999999999 999999999 999999999 999999999 999999999 47 999999999 999999999 999999999 73 43 17 22 56 999999999 49 999999999 43 999999999 999999999 6 31 999999999 60 999999999 61 999999999 999999999 19 999999999 999999999 48 999999999 999999999 69 77 58 61 999999999 999999999 38 43 999999999 80 999999999 999999999 8 16 68 1 0 14 25 46 999999999 55 999999999 49 12 999999999 9 66 999999999 1 70 47 37 77 75 32 60 20 
17 999999999 999999999 999999999 57 999999999 999999999 43 999999999 999999999 999999999 34 999999999 53 999999999 5 23 52 23 4 6 36 999999999 999999999 17 43 43 58 27 51 33 43 999999999 23 999999999 76 999999999 33 57 61 16 73 20 2 5 35 26 77 53 999999999 24 34 65 8 999999999 63 11 77 999999999 0 59 64 54 66 49 999999999 999999999 999999999 14 8 42 999999999 55 57 999999999 999999999 999999999 57 6 69 
70 999999999 24 12 26 53 67 38 68 69 3 999999999 75 12 26 71 80 66 999999999 38 44 999999999 58 75 999999999 52 999999999 999999999 22 999999999 999999999 18 71 999999999 41 72 46 999999999 41 12 999999999 12 30 48 37 52 999999999 999999999 999999999 62 12 999999999 65 45 29 76 999999999 4 999999999 29 0 51 999999999 72 999999999 75 10 999999999 38 21 5 41 23 34 999999999 23 48 15 15 70 
23 999999999 34 64 50 57 999999999 999999999 999999999 999999999 67 46 46 999999999 999999999 26 999999999 67 75 999999999 999999999 56 77 35 999999999 5 5 44 999999999 20 999999999 71 999999999 999999999 43 44 35 999999999 71 999999999 53 40 55 999999999 999999999 999999999 999999999 999999999 60 48 5 46 30 29 62 75 60 49 61 999999999 999999999 0 61 73 999999999 66 999999999 72 999999999 8 999999999 70 13 47 56 9 77 29 999999999 999999999 
37 77 999999999 6 48 22 40 50 73 72 58 31 21 51 31 32 24 999999999 34 1 22 73 71 62 999999999 37 999999999 33 76 999999999 64 66 55 999999999 999999999 999999999 7 49 999999999 80 23 64 6 53 8 58 76 999999999 72 2 999999999 44 56 28 70 60 50 999999999 17 41 49 36 0 999999999 8 51 70 43 999999999 999999999 73 37 1 999999999 24 63 999999999 40 41 15 
999999999 7 999999999 59 27 16 63 999999999 999999999 999999999 21 999999999 36 30 19 33 999999999 36 41 57 999999999 8 70 19 41 999999999 48 999999999 999999999 7 19 7 47 999999999 26 78 999999999 999999999 999999999 999999999 53 74 30 12 41 69 34 38 50 999999999 57 34 38 22 999999999 999999999 66 31 999999999 77 999999999 999999999 68 0 21 999999999 37 58 50 50 15 34 999999999 999999999 30 37 5 999999999 79 999999999 
44 999999999 54 3 999999999 33 11 79 38 68 999999999 50 50 47 27 999999999 53 35 19 20 48 999999999 999999999 11 6 26 13 30 53 18 6 14 59 35 76 61 73 999999999 38 62 73 999999999 27 77 67 44 34 21 31 21 24 50 34 999999999 999999999 45 67 68 999999999 27 999999999 9 69 51 0 999999999 999999999 38 10 37 35 999999999 3 68 28 24 41 999999999 43 26 
24 999999999 999999999 999999999 44 56 40 70 20 37 80 999999999 61 18 9 63 54 11 26 5 999999999 57 999999999 16 999999999 5 44 7 999999999 37 67 30 76 30 76 34 5 69 12 27 75 9 999999999 35 42 49 51 9 77 999999999 8 73 57 56 999999999 7 16 77 52 999999999 63 34 60 999999999 26 0 27 22 20 19 999999999 999999999 66 999999999 74 999999999 44 65 38 12 
999999999 15 8 46 64 999999999 44 999999999 76 78 36 61 36 999999999 999999999 6 23 999999999 16 40 76 999999999 34 999999999 4 47 999999999 28 999999999 66 999999999 25 999999999 999999999 40 24 999999999 999999999 67 59 17 999999999 999999999 999999999 999999999 31 67 74 42 37 59 15 59 20 36 51 33 999999999 55 1 54 999999999 34 46 999999999 999999999 0 59 29 76 999999999 80 38 999999999 16 999999999 8 45 999999999 70 
28 29 46 35 2 9 60 70 25 1 999999999 999999999 72 999999999 37 31 4 70 1 67 71 22 999999999 8 35 41 54 78 999999999 79 45 32 41 999999999 9 50 31 38 52 35 999999999 999999999 45 7 55 999999999 999999999 999999999 72 5 10 2 999999999 999999999 999999999 47 53 28 31 19 999999999 999999999 999999999 65 1 27 9 0 21 57 56 21 43 70 999999999 999999999 999999999 1 40 64 
999999999 45 57 21 20 76 999999999 25 21 33 68 999999999 9 28 20 999999999 45 74 53 999999999 41 53 999999999 70 77 999999999 53 26 31 15 27 43 11 33 15 51 999999999 40 55 50 999999999 64 999999999 30 49 79 23 999999999 68 47 999999999 21 32 65 36 999999999 28 1 67 9 999999999 5 15 34 999999999 36 37 45 0 8 29 27 70 999999999 999999999 11 52 999999999 38 79 
999999999 44 46 5 8 57 24 32 48 999999999 18 38 25 53 999999999 1 999999999 999999999 999999999 69 999999999 48 17 19 999999999 999999999 999999999 999999999 5 6 999999999 999999999 999999999 25 999999999 69 59 38 999999999 72 38 999999999 999999999 22 999999999 999999999 999999999 40 999999999 999999999 7 40 999999999 70 24 999999999 72 24 13 999999999 16 23 36 999999999 999999999 999999999 45 48 26 0 76 6 5 999999999 33 64 20 75 999999999 999999999 
23 18 28 30 999999999 33 999999999 25 68 20 30 999999999 48 61 999999999 15 30 2 54 15 47 13 49 31 62 16 12 45 75 999999999 31 999999999 7 999999999 57 56 15 999999999 999999999 999999999 33 78 43 999999999 44 999999999 52 999999999 999999999 4 999999999 25 999999999 999999999 999999999 28 999999999 999999999 75 75 24 999999999 47 25 74 999999999 27 64 999999999 31 0 42 31 999999999 69 999999999 999999999 71 73 999999999 
14 10 51 78 999999999 46 42 999999999 5 999999999 65 27 49 999999999 999999999 30 52 49 999999999 59 4 80 37 999999999 14 58 20 75 61 53 79 40 24 999999999 55 999999999 13 18 54 5 23 999999999 32 999999999 999999999 999999999 4 999999999 48 999999999 999999999 999999999 999999999 42 74 30 45 999999999 75 3 57 999999999 999999999 68 22 71 11 16 63 20 16 0 44 65 999999999 73 40 53 65 75 
40 999999999 999999999 57 66 17 77 999999999 24 73 63 999999999 13 8 36 23 66 999999999 75 999999999 44 999999999 54 999999999 80 37 52 999999999 31 999999999 23 999999999 29 3 60 11 32 10 999999999 50 32 999999999 75 43 48 999999999 34 999999999 37 65 35 79 16 32 37 37 26 999999999 25 46 50 34 999999999 999999999 999999999 62 56 46 999999999 19 41 4 0 999999999 999999999 61 999999999 73 66 999999999 
999999999 20 65 34 42 999999999 999999999 64 999999999 999999999 16 15 43 31 999999999 42 76 999999999 25 41 79 14 999999999 33 22 31 28 60 59 999999999 57 999999999 45 999999999 999999999 39 999999999 999999999 66 31 20 9 999999999 10 28 41 12 3 24 41 18 11 78 33 21 12 34 72 17 25 999999999 47 17 59 77 999999999 41 32 999999999 999999999 999999999 16 13 0 999999999 37 999999999 62 7 29 
28 23 45 999999999 41 22 74 32 999999999 74 67 53 23 999999999 3 999999999 999999999 999999999 999999999 60 33 3 31 30 20 999999999 23 15 33 42 9 39 43 58 33 17 61 59 999999999 44 2 67 73 13 33 999999999 41 3 78 999999999 80 1 47 18 60 41 59 999999999 999999999 47 999999999 999999999 80 999999999 22 62 6 36 34 9 17 25 33 53 0 27 11 43 2 76 
74 7 999999999 40 77 999999999 19 58 25 66 38 18 30 76 60 999999999 31 21 61 13 69 29 55 9 29 33 17 40 999999999 999999999 60 20 999999999 34 999999999 64 49 47 999999999 999999999 999999999 999999999 999999999 999999999 999999999 67 44 53 20 36 999999999 14 999999999 5 75 69 999999999 13 5 32 999999999 999999999 63 26 999999999 74 50 20 38 28 6 58 64 30 17 0 49 1 53 999999999 
59 58 999999999 39 999999999 45 30 1 46 999999999 999999999 77 60 65 71 59 78 58 999999999 34 50 54 999999999 57 999999999 999999999 55 30 10 36 5 62 999999999 65 999999999 56 80 39 54 27 999999999 41 65 48 999999999 41 63 45 999999999 19 999999999 22 999999999 12 32 999999999 71 30 15 999999999 20 2 3 13 46 59 999999999 999999999 999999999 17 58 48 65 73 32 20 0 35 4 8 
999999999 34 76 71 10 999999999 63 74 46 79 12 64 50 30 80 62 64 34 34 80 50 999999999 999999999 999999999 32 5 999999999 42 999999999 80 51 17 72 51 40 16 999999999 999999999 999999999 999999999 999999999 999999999 34 66 66 999999999 27 66 52 59 73 21 11 32 999999999 999999999 20 16 999999999 15 5 999999999 999999999 48 999999999 999999999 61 61 37 35 999999999 78 22 999999999 999999999 37 71 0 46 999999999 
999999999 75 73 16 999999999 999999999 3 3 4 63 68 999999999 76 80 35 71 999999999 999999999 20 999999999 999999999 77 999999999 999999999 34 999999999 30 73 75 5 62 62 69 54 61 999999999 11 40 11 20 55 59 76 49 26 76 22 79 64 999999999 65 999999999 26 21 76 999999999 999999999 13 28 17 40 999999999 999999999 29 999999999 19 999999999 48 63 15 44 47 22 5 56 71 999999999 4 0 51 
999999999 66 999999999 61 57 999999999 61 999999999 78 999999999 999999999 43 36 22 20 25 999999999 60 999999999 999999999 3 999999999 48 999999999 6 999999999 51 999999999 999999999 73 999999999 999999999 999999999 999999999 47 29 30 999999999 3 999999999 999999999 999999999 999999999 19 999999999 999999999 999999999 33 63 23 43 45 32 9 50 999999999 46 39 36 57 62 69 77 19 999999999 999999999 30 37 15 44 999999999 999999999 2 48 999999999 999999999 999999999 999999999 999999999 0 
