120
0 88 999999999 104 77 110 19 94 999999999 100 999999999 21 999999999 64 23 73 101 999999999 58 999999999 117 40 999999999 999999999 11 999999999 999999999 999999999 15 15 116 999999999 86 28 87 3 89 999999999 16 999999999 39 99 31 93 999999999 999999999 999999999 999999999 64 109 18 117 100 40 999999999 2 999999999 64 99 54 999999999 67 29 999999999 999999999 83 101 999999999 76 102 21 97 112 69 27 53 999999999 41 999999999 79 10 82 99 90 111 999999999 103 76 85 39 83 120 999999999 21 999999999 66 42 999999999 86 110 83 999999999 111 20 999999999 999999999 42 105 110 26 999999999 999999999 107 52 82 108 80 117 999999999 47 
999999999 0 69 41 110 999999999 84 91 999999999 73 63 999999999 63 44 118 101 35 43 999999999 20 999999999 32 18 112 999999999 999999999 999999999 999999999 59 999999999 16 999999999 80 57 999999999 106 93 52 999999999 36 106 40 30 999999999 102 112 48 999999999 999999999 118 79 82 13 13 16 76 55 72 60 999999999 60 101 29 999999999 39 72 87 112 63 80 999999999 24 83 40 107 999999999 57 999999999 999999999 77 999999999 75 91 999999999 115 999999999 50 999999999 999999999 89 86 999999999 2 92 65 999999999 999999999 44 52 999999999 91 66 999999999 106 4 94 85 999999999 999999999 999999999 21 75 14 56 91 51 999999999 18 106 72 
19 999999999 0 118 999999999 999999999 999999999 999999999 999999999 114 100 113 95 7 999999999 49 65 117 13 60 999999999 999999999 97 999999999 999999999 30 48 999999999 70 106 999999999 999999999 42 999999999 87 999999999 29 999999999 50 107 68 999999999 100 97 999999999 98 999999999 999999999 58 48 77 107 70 999999999 53 116 999999999 91 999999999 118 7 56 47 104 80 51 999999999 118 38 77 17 81 29 999999999 25 5 36 1 17 35 999999999 999999999 119 102 79 999999999 104 999999999 43 9 10 63 999999999 999999999 999999999 3 999999999 13 5 84 109 89 999999999 999999999 999999999 5 104 42 999999999 999999999 2 999999999 90 999999999 79 117 44 999999999 999999999 999999999 
28 999999999 67 0 81 119 75 16 24 999999999 105 999999999 999999999 999999999 98 66 999999999 80 29 999999999 85 21 90 16 90 88 16 999999999 52 24 42 112 92 36 86 66 43 2 22 12 67 999999999 95 96 118 999999999 9 84 54 23 46 31 999999999 23 999999999 101 37 62 119 94 117 77 999999999 23 7 999999999 119 86 116 82 999999999 999999999 38 91 41 999999999 999999999 7 999999999 999999999 19 101 999999999 58 56 999999999 22 100 43 117 92 999999999 44 999999999 5 60 68 18 1 71 97 117 53 999999999 100 12 999999999 999999999 115 999999999 5 999999999 72 82 83 117 999999999 103 117 82 
999999999 16 67 120 0 81 999999999 33 999999999 91 65 999999999 89 18 999999999 106 80 40 999999999 92 115 39 5 44 999999999 999999999 54 109 47 999999999 42 999999999 118 4 18 999999999 24 92 73 71 999999999 99 65 96 7 47 70 118 82 999999999 999999999 9 36 84 43 95 999999999 999999999 999999999 100 999999999 999999999 98 999999999 5 79 21 999999999 999999999 119 999999999 68 109 999999999 94 65 102 999999999 999999999 999999999 17 25 32 3 33 999999999 999999999 53 66 999999999 999999999 103 38 118 19 75 110 75 87 56 47 999999999 999999999 999999999 44 29 49 999999999 104 12 999999999 52 57 3 63 999999999 96 54 999999999 85 
999999999 86 62 95 90 0 95 10 999999999 23 2 63 52 999999999 97 100 999999999 78 999999999 40 34 80 83 105 117 15 108 999999999 70 999999999 74 92 31 95 71 999999999 999999999 999999999 116 999999999 94 97 46 70 98 999999999 72 32 119 33 999999999 36 999999999 61 999999999 78 21 24 25 77 110 80 72 83 89 39 999999999 88 999999999 57 78 999999999 93 107 999999999 24 38 103 999999999 24 62 15 999999999 102 63 77 999999999 117 60 999999999 109 14 999999999 9 999999999 20 35 69 999999999 999999999 32 999999999 84 20 93 50 25 63 66 81 115 101 999999999 40 16 9 51 36 41 999999999 
999999999 90 56 96 117 73 0 49 55 21 999999999 74 999999999 59 49 999999999 94 90 72 79 33 43 48 999999999 14 91 31 999999999 88 78 102 999999999 44 24 999999999 30 67 999999999 113 999999999 107 110 999999999 999999999 100 76 30 64 13 999999999 29 999999999 42 65 68 84 999999999 999999999 93 84 999999999 999999999 15 1 999999999 999999999 30 999999999 999999999 117 7 999999999 120 62 95 67 30 999999999 46 31 999999999 4 9 74 63 56 39 15 58 999999999 47 70 999999999 48 999999999 50 999999999 45 4 1 75 24 18 45 64 74 94 999999999 96 73 999999999 29 78 90 29 88 9 5 76 45 
116 96 5 104 15 33 999999999 0 999999999 10 113 7 999999999 40 93 90 86 22 107 999999999 113 999999999 8 13 73 50 999999999 42 70 84 44 999999999 104 105 13 53 44 40 70 65 33 70 32 94 37 6 77 77 61 88 90 44 70 999999999 32 60 999999999 84 999999999 42 102 83 35 999999999 105 117 59 999999999 45 87 3 97 22 999999999 999999999 117 115 77 61 8 102 29 47 117 26 40 999999999 999999999 999999999 100 60 99 51 102 52 50 999999999 102 44 999999999 999999999 81 31 25 43 999999999 25 999999999 65 115 41 999999999 36 17 5 38 110 42 87 111 
7 21 88 999999999 999999999 4 999999999 999999999 0 999999999 999999999 107 36 51 999999999 999999999 999999999 114 120 999999999 110 52 999999999 72 57 64 999999999 89 60 86 999999999 110 87 999999999 35 117 21 45 61 99 108 999999999 103 999999999 57 999999999 19 80 20 115 94 51 57 58 34 45 112 88 5 54 999999999 53 60 29 84 5 63 41 108 11 67 2 7 999999999 11 84 999999999 101 999999999 107 34 116 999999999 86 999999999 42 999999999 106 18 999999999 59 999999999 16 40 104 41 999999999 116 8 86 39 999999999 99 46 999999999 59 114 999999999 79 106 999999999 34 67 32 57 92 999999999 4 57 22 
114 999999999 18 108 117 4 999999999 34 81 0 107 999999999 999999999 38 72 65 80 12 71 13 45 45 71 82 32 87 80 75 999999999 39 999999999 47 87 999999999 80 88 95 999999999 81 102 86 999999999 999999999 55 50 999999999 999999999 39 74 86 34 999999999 999999999 116 89 86 32 999999999 999999999 75 36 91 999999999 44 23 100 999999999 98 23 77 27 100 16 77 59 94 90 24 21 53 12 999999999 27 10 97 64 63 66 75 66 999999999 60 999999999 36 999999999 999999999 18 34 20 999999999 999999999 63 46 5 44 18 18 26 114 999999999 38 999999999 999999999 999999999 999999999 66 999999999 999999999 84 97 
85 33 88 116 9 999999999 19 5 28 999999999 0 38 104 94 999999999 999999999 47 95 999999999 119 71 8 116 77 999999999 117 999999999 23 68 59 999999999 65 999999999 999999999 999999999 999999999 25 75 63 57 36 68 1 42 105 38 64 97 14 999999999 38 114 41 999999999 67 999999999 83 109 10 999999999 90 999999999 27 14 999999999 2 113 65 43 119 33 999999999 34 79 999999999 999999999 3 999999999 86 105 95 43 59 999999999 23 106 119 64 16 117 59 60 73 62 80 31 999999999 25 91 13 98 44 78 53 999999999 42 17 102 999999999 60 52 22 999999999 51 55 999999999 101 70 999999999 76 
999999999 999999999 54 118 19 64 38 39 107 112 42 0 66 101 999999999 105 71 999999999 20 65 70 71 25 50 999999999 15 106 999999999 105 10 51 116 84 18 999999999 89 999999999 58 40 113 999999999 999999999 26 7 65 999999999 27 89 2 2 4 71 86 119 36 31 26 1 999999999 999999999 46 116 75 38 3 83 31 45 20 77 55 34 111 114 7 1 55 20 47 999999999 30 59 999999999 999999999 112 27 999999999 47 999999999 101 999999999 999999999 999999999 999999999 83 15 999999999 999999999 999999999 88 8 999999999 999999999 13 49 999999999 999999999 80 9 20 96 19 112 29 999999999 999999999 79 32 999999999 36 
98 2 81 13 80 66 999999999 32 51 999999999 89 62 0 34 999999999 999999999 84 74 12 999999999 65 47 107 999999999 33 999999999 23 99 60 999999999 5 999999999 91 84 45 72 50 48 42 114 21 55 16 94 92 999999999 999999999 100 87 107 84 999999999 999999999 96 97 999999999 5 68 999999999 27 22 3 999999999 16 999999999 106 43 999999999 24 46 42 77 999999999 18 58 999999999 999999999 112 999999999 24 120 72 999999999 17 999999999 7 108 999999999 41 57 31 87 16 38 13 66 66 53 999999999 98 999999999 79 45 71 96 100 88 46 19 43 999999999 73 999999999 999999999 999999999 75 75 117 999999999 999999999 
54 999999999 113 999999999 66 999999999 120 45 999999999 7 55 48 29 0 999999999 999999999 999999999 999999999 999999999 43 45 999999999 999999999 113 999999999 999999999 999999999 999999999 18 116 999999999 999999999 93 34 82 53 53 9 999999999 999999999 999999999 999999999 21 40 29 12 999999999 101 999999999 999999999 2 98 24 5 71 71 62 38 105 29 81 999999999 51 999999999 999999999 44 88 999999999 65 999999999 999999999 14 999999999 999999999 50 77 68 77 64 65 35 71 65 97 999999999 88 77 107 68 111 113 999999999 999999999 999999999 999999999 999999999 83 66 31 999999999 59 43 8 999999999 65 999999999 9 29 3 83 112 999999999 52 999999999 999999999 92 100 12 83 999999999 
999999999 999999999 999999999 1 999999999 1 5 52 999999999 91 109 58 20 1 0 118 6 74 93 35 111 999999999 89 75 50 118 99 33 97 116 40 999999999 999999999 39 103 35 62 65 76 999999999 49 62 999999999 999999999 999999999 116 29 80 62 18 66 999999999 24 27 999999999 57 4 66 999999999 39 999999999 37 999999999 18 62 11 999999999 104 111 97 14 4 100 78 111 999999999 102 97 91 999999999 999999999 80 999999999 73 106 999999999 72 59 54 96 13 104 999999999 999999999 999999999 999999999 89 96 999999999 999999999 999999999 999999999 2 999999999 49 65 999999999 32 54 77 27 999999999 92 10 999999999 32 999999999 92 63 70 
93 63 94 999999999 100 999999999 20 999999999 43 22 999999999 36 103 90 49 0 8 999999999 62 5 41 999999999 32 91 999999999 10 999999999 999999999 999999999 102 114 57 117 999999999 999999999 50 999999999 24 999999999 51 79 41 26 89 999999999 26 18 88 87 56 29 999999999 2 103 6 999999999 109 42 21 999999999 45 999999999 116 31 101 79 47 5 999999999 101 34 7 56 81 999999999 1 52 5 22 55 63 95 89 999999999 57 59 28 999999999 999999999 63 999999999 92 42 999999999 110 70 34 63 999999999 999999999 74 11 999999999 999999999 999999999 70 80 4 999999999 999999999 50 84 11 999999999 16 76 116 999999999 28 115 
999999999 117 51 999999999 5 119 78 15 65 999999999 999999999 999999999 999999999 54 76 33 0 17 80 7 999999999 79 74 999999999 55 48 999999999 107 33 61 999999999 63 999999999 77 999999999 999999999 999999999 76 63 91 90 46 999999999 103 109 16 41 4 999999999 999999999 44 111 22 2 58 16 50 999999999 999999999 91 31 87 999999999 35 999999999 999999999 999999999 31 999999999 999999999 49 20 53 37 999999999 118 999999999 60 18 109 45 999999999 999999999 88 112 80 999999999 22 999999999 999999999 99 999999999 119 104 109 80 999999999 999999999 101 999999999 73 41 9 102 105 71 999999999 100 18 82 51 999999999 43 110 999999999 87 87 65 11 102 
110 8 76 38 42 34 57 999999999 100 25 112 82 53 27 83 54 999999999 0 21 11 999999999 90 999999999 999999999 999999999 999999999 80 27 120 999999999 10 53 39 114 45 10 65 39 100 5 999999999 49 100 103 87 999999999 83 118 999999999 62 27 97 999999999 89 78 24 114 999999999 92 90 28 88 89 999999999 67 95 999999999 999999999 15 47 999999999 96 47 21 999999999 58 99 115 31 21 27 58 42 2 34 44 63 999999999 999999999 999999999 999999999 33 46 117 999999999 999999999 30 106 999999999 57 91 62 110 39 100 5 96 66 65 80 22 53 113 51 999999999 60 11 999999999 999999999 999999999 
54 74 67 30 70 66 104 999999999 76 79 999999999 999999999 56 999999999 62 18 120 94 0 98 61 59 60 17 999999999 64 87 11 94 66 999999999 52 20 31 87 999999999 28 101 999999999 116 999999999 31 62 13 15 999999999 43 116 999999999 34 12 999999999 999999999 55 26 110 82 999999999 999999999 78 64 25 38 106 56 999999999 69 17 19 999999999 12 999999999 999999999 114 999999999 999999999 999999999 27 21 999999999 80 12 18 85 80 999999999 35 56 96 46 79 120 106 29 57 50 114 28 999999999 9 102 110 999999999 5 97 30 999999999 999999999 76 999999999 15 11 99 999999999 24 53 999999999 115 100 999999999 
39 75 999999999 999999999 84 7 5 59 86 32 999999999 63 65 31 999999999 999999999 999999999 66 80 0 2 999999999 62 8 999999999 30 95 107 58 31 53 120 20 999999999 999999999 999999999 26 41 27 120 83 44 66 70 999999999 999999999 999999999 80 18 22 999999999 57 53 112 111 999999999 999999999 4 79 54 1 999999999 82 999999999 999999999 92 106 999999999 999999999 37 104 999999999 13 68 999999999 62 999999999 11 999999999 36 16 40 999999999 999999999 999999999 70 22 999999999 999999999 999999999 44 45 999999999 999999999 12 37 999999999 999999999 16 29 84 103 89 4 116 999999999 116 99 2 999999999 21 35 999999999 35 999999999 999999999 20 117 38 23 
59 999999999 999999999 19 103 83 999999999 103 20 999999999 999999999 9 90 32 55 999999999 10 73 48 103 0 63 60 40 999999999 999999999 77 16 999999999 999999999 53 999999999 999999999 55 56 48 3 43 20 72 999999999 105 999999999 999999999 6 40 119 82 999999999 41 84 999999999 54 999999999 36 62 61 10 999999999 75 999999999 82 109 999999999 61 1 8 35 30 999999999 24 60 98 999999999 62 999999999 35 116 67 29 999999999 999999999 32 49 999999999 101 67 96 50 56 96 999999999 55 999999999 999999999 999999999 65 49 999999999 3 62 999999999 19 64 105 65 52 999999999 999999999 12 43 26 83 999999999 81 68 102 88 45 999999999 
999999999 79 999999999 110 5 91 999999999 47 999999999 84 999999999 999999999 999999999 56 54 81 36 60 97 79 999999999 0 88 63 22 81 9 999999999 49 76 51 23 100 999999999 12 38 999999999 119 89 999999999 97 8 999999999 97 40 29 36 999999999 999999999 38 999999999 3 43 58 999999999 59 9 999999999 999999999 41 49 999999999 54 102 50 20 999999999 32 96 8 999999999 60 13 119 75 33 999999999 999999999 8 104 75 999999999 2 97 87 999999999 45 999999999 999999999 107 85 49 85 999999999 7 21 95 999999999 33 1 21 100 27 88 999999999 98 999999999 88 67 999999999 54 999999999 999999999 999999999 113 63 999999999 12 60 118 
67 43 999999999 45 8 108 34 999999999 999999999 999999999 108 46 85 999999999 30 29 5 4 999999999 44 28 115 0 11 999999999 30 999999999 112 83 54 81 999999999 999999999 104 999999999 999999999 9 78 83 999999999 76 999999999 999999999 999999999 82 89 21 2 999999999 87 999999999 85 999999999 16 30 14 10 999999999 999999999 33 999999999 95 80 110 999999999 30 94 999999999 11 26 79 68 94 80 66 999999999 999999999 81 97 60 999999999 58 34 87 999999999 32 95 54 114 77 999999999 45 45 43 93 18 17 51 29 55 80 85 40 66 999999999 12 116 999999999 999999999 999999999 34 45 116 999999999 999999999 999999999 999999999 37 14 94 
20 999999999 76 999999999 34 44 119 89 39 72 79 66 55 999999999 5 73 101 96 34 22 19 115 46 0 999999999 65 999999999 999999999 999999999 999999999 98 83 999999999 93 100 999999999 51 6 999999999 41 95 999999999 999999999 48 20 73 81 86 76 999999999 999999999 83 999999999 94 999999999 115 5 95 999999999 999999999 86 106 999999999 118 115 999999999 29 83 6 91 93 999999999 999999999 39 102 119 999999999 25 10 999999999 25 95 24 43 27 999999999 12 72 10 19 999999999 17 999999999 89 57 13 74 999999999 32 87 999999999 88 38 15 999999999 29 82 9 33 16 999999999 84 69 119 39 32 12 40 61 22 
53 54 75 999999999 119 81 111 999999999 70 77 99 76 23 114 78 20 86 35 95 105 46 103 74 999999999 0 35 38 39 65 999999999 85 2 999999999 98 68 12 55 62 3 999999999 90 33 999999999 999999999 999999999 14 999999999 98 34 999999999 999999999 83 108 999999999 7 999999999 2 27 13 29 7 999999999 999999999 120 49 40 39 999999999 999999999 999999999 93 999999999 39 66 999999999 117 62 32 103 34 999999999 999999999 58 56 999999999 58 71 73 999999999 999999999 67 26 999999999 999999999 116 999999999 80 104 116 999999999 80 61 19 74 40 999999999 24 105 37 999999999 999999999 110 118 20 75 60 68 16 51 107 
31 106 999999999 999999999 97 67 999999999 52 38 65 83 7 28 999999999 63 46 80 109 999999999 34 5 999999999 41 118 93 0 999999999 31 48 98 113 999999999 114 999999999 13 6 999999999 97 999999999 999999999 14 25 999999999 74 106 98 51 5 999999999 103 46 999999999 78 85 999999999 49 93 50 40 114 999999999 73 999999999 999999999 63 118 999999999 6 27 66 999999999 63 15 999999999 35 118 7 72 74 55 999999999 999999999 54 67 64 999999999 87 61 28 81 64 89 51 999999999 999999999 79 84 24 111 45 9 15 29 74 66 999999999 999999999 113 999999999 999999999 999999999 67 103 97 80 3 55 999999999 999999999 103 
999999999 54 999999999 118 110 97 104 71 999999999 96 19 19 70 84 999999999 55 37 45 74 99 23 14 97 48 70 999999999 0 999999999 68 98 18 103 51 999999999 999999999 7 999999999 117 92 58 999999999 35 37 26 999999999 999999999 62 80 999999999 108 60 999999999 64 4 102 58 999999999 14 69 999999999 999999999 8 999999999 71 5 7 113 59 48 23 111 999999999 999999999 85 999999999 999999999 10 110 99 93 109 91 79 104 999999999 999999999 999999999 55 999999999 10 999999999 81 95 52 102 999999999 999999999 62 54 16 999999999 999999999 999999999 112 39 28 5 999999999 999999999 999999999 47 77 99 102 999999999 999999999 44 999999999 999999999 90 
52 999999999 24 999999999 60 7 92 34 46 14 999999999 999999999 999999999 65 999999999 35 77 35 13 999999999 31 36 9 94 87 999999999 33 0 50 22 102 104 55 30 999999999 999999999 999999999 5 999999999 98 21 51 999999999 114 19 77 81 999999999 29 119 999999999 117 42 37 108 69 999999999 102 999999999 999999999 83 72 999999999 18 85 999999999 999999999 27 32 54 25 19 26 20 115 999999999 15 67 6 107 56 92 72 62 999999999 999999999 9 81 109 999999999 999999999 38 999999999 40 112 999999999 999999999 34 78 87 67 999999999 999999999 86 79 115 89 27 53 29 100 93 104 33 19 107 29 999999999 113 84 
91 999999999 65 999999999 111 999999999 999999999 999999999 999999999 999999999 109 93 999999999 56 999999999 45 999999999 119 43 999999999 999999999 999999999 999999999 999999999 999999999 35 11 57 0 113 36 112 78 999999999 58 104 93 81 73 999999999 34 40 999999999 15 79 89 120 58 32 74 999999999 120 40 53 39 65 2 62 7 87 98 62 29 10 5 999999999 24 111 6 88 107 82 55 999999999 999999999 71 118 62 999999999 31 9 34 18 999999999 16 119 104 70 999999999 1 13 999999999 999999999 43 22 19 57 999999999 46 999999999 104 9 28 999999999 35 56 999999999 30 80 82 3 999999999 107 999999999 999999999 49 39 109 9 53 
999999999 999999999 41 30 999999999 999999999 32 3 84 58 101 58 18 999999999 999999999 999999999 17 58 999999999 10 63 999999999 50 999999999 111 999999999 999999999 8 999999999 0 71 61 36 43 999999999 999999999 75 71 999999999 59 999999999 106 34 54 74 67 28 100 999999999 75 999999999 58 25 999999999 49 35 88 57 999999999 118 43 12 55 999999999 999999999 118 16 75 78 999999999 49 999999999 999999999 73 68 999999999 82 35 999999999 40 114 7 10 6 4 60 999999999 47 79 72 999999999 28 78 999999999 18 83 12 119 2 11 80 999999999 999999999 29 999999999 25 98 999999999 19 999999999 999999999 52 86 999999999 23 46 1 999999999 77 66 
99 87 57 4 90 36 32 999999999 999999999 25 29 999999999 31 999999999 11 107 45 83 74 104 22 105 18 96 999999999 999999999 12 26 33 59 0 94 55 46 66 999999999 999999999 29 999999999 999999999 65 51 28 999999999 999999999 97 24 13 119 55 88 999999999 999999999 2 999999999 62 30 999999999 115 108 59 67 73 107 12 34 115 51 65 47 77 13 999999999 999999999 68 76 73 48 18 37 999999999 28 54 98 70 79 62 19 107 21 115 71 29 999999999 11 92 999999999 89 92 999999999 999999999 999999999 57 102 16 92 999999999 71 58 80 999999999 999999999 102 999999999 57 73 88 115 3 73 
27 19 15 999999999 999999999 5 27 107 40 74 999999999 107 999999999 11 68 113 999999999 110 119 999999999 43 999999999 111 27 12 83 30 97 49 50 81 0 999999999 98 999999999 52 64 79 999999999 999999999 999999999 83 73 999999999 999999999 34 67 999999999 999999999 97 53 60 111 72 93 53 54 65 999999999 120 999999999 999999999 999999999 3 96 67 74 34 72 1 79 77 45 88 43 43 999999999 11 999999999 21 51 47 119 82 73 999999999 41 40 999999999 999999999 95 92 45 999999999 999999999 999999999 73 999999999 999999999 999999999 5 60 19 72 4 17 97 81 999999999 118 42 80 28 14 17 21 64 8 40 999999999 
84 85 54 120 71 999999999 47 87 92 105 33 999999999 85 999999999 86 113 15 999999999 62 29 82 999999999 69 115 36 999999999 77 71 999999999 44 60 999999999 0 999999999 91 116 79 999999999 6 999999999 9 99 6 82 12 12 37 999999999 81 999999999 999999999 78 39 11 999999999 92 999999999 110 999999999 38 59 94 14 96 999999999 999999999 76 51 999999999 61 999999999 999999999 999999999 85 20 28 10 105 106 999999999 65 24 68 116 23 999999999 999999999 999999999 76 999999999 118 999999999 15 999999999 49 120 80 5 109 18 89 2 102 10 999999999 999999999 119 102 78 999999999 74 115 95 999999999 999999999 83 79 54 999999999 100 
83 93 24 33 59 999999999 42 89 56 999999999 999999999 26 68 74 29 82 98 76 13 85 999999999 87 71 999999999 95 999999999 117 23 28 83 999999999 68 32 0 104 36 105 7 36 51 62 89 45 999999999 74 76 110 118 108 999999999 999999999 14 999999999 14 103 37 79 999999999 111 36 999999999 999999999 999999999 26 10 14 24 27 44 999999999 33 999999999 60 12 999999999 23 999999999 999999999 1 91 999999999 57 101 999999999 75 117 58 33 59 112 2 113 999999999 999999999 39 43 63 72 999999999 999999999 29 115 108 39 98 11 51 999999999 999999999 38 13 71 35 53 10 999999999 999999999 46 47 999999999 
999999999 80 103 78 999999999 59 999999999 34 999999999 30 103 999999999 999999999 999999999 34 999999999 60 94 115 999999999 116 999999999 78 999999999 100 999999999 26 46 999999999 999999999 999999999 91 1 999999999 0 999999999 89 999999999 120 6 20 110 83 76 44 14 79 28 8 61 54 999999999 94 17 999999999 74 999999999 94 28 40 39 87 999999999 999999999 999999999 78 92 101 84 999999999 6 36 25 50 106 119 120 33 40 88 5 73 49 999999999 14 999999999 17 1 999999999 999999999 16 43 95 44 999999999 118 15 27 47 99 100 999999999 79 999999999 999999999 17 999999999 999999999 40 114 11 6 11 999999999 99 17 114 63 999999999 999999999 
999999999 999999999 999999999 36 90 113 73 53 19 999999999 8 1 30 55 82 999999999 109 999999999 999999999 999999999 57 71 78 100 115 30 80 19 999999999 999999999 100 88 999999999 77 98 0 96 85 109 999999999 999999999 999999999 98 21 999999999 108 60 72 999999999 999999999 13 108 999999999 57 30 115 999999999 114 19 97 35 60 2 59 999999999 35 999999999 22 26 54 999999999 999999999 16 999999999 119 14 17 75 999999999 97 43 35 78 999999999 999999999 12 999999999 999999999 100 999999999 999999999 90 112 999999999 32 30 999999999 120 29 40 38 999999999 999999999 101 999999999 999999999 4 17 35 24 999999999 42 999999999 65 9 87 113 101 9 110 
102 21 43 40 999999999 999999999 90 64 999999999 97 999999999 999999999 51 48 999999999 999999999 110 88 91 62 999999999 29 27 11 38 14 999999999 999999999 69 59 999999999 73 999999999 97 27 106 0 999999999 100 999999999 56 999999999 999999999 58 999999999 39 42 999999999 5 999999999 999999999 93 87 7 40 103 28 106 999999999 60 100 999999999 21 31 30 120 2 999999999 999999999 44 22 38 999999999 11 20 25 999999999 80 90 64 999999999 19 2 11 74 999999999 120 27 83 17 999999999 11 88 2 4 76 82 90 53 119 999999999 90 66 999999999 86 79 44 108 85 43 58 999999999 75 78 119 999999999 96 999999999 57 999999999 
49 87 113 999999999 92 59 999999999 41 57 119 51 999999999 15 48 11 56 999999999 999999999 999999999 106 84 37 999999999 75 5 83 87 999999999 66 15 25 29 999999999 83 48 999999999 9 0 99 999999999 14 45 36 999999999 5 999999999 999999999 2 76 120 90 10 17 999999999 91 999999999 999999999 999999999 999999999 37 2 999999999 28 66 44 93 999999999 9 999999999 57 13 112 34 86 43 999999999 43 66 118 2 40 75 999999999 57 999999999 999999999 26 1 999999999 999999999 99 38 21 999999999 34 35 4 40 40 2 62 44 67 56 109 16 108 12 62 27 101 999999999 114 999999999 999999999 999999999 999999999 104 7 999999999 
14 999999999 64 53 91 999999999 77 89 108 115 999999999 69 999999999 5 24 999999999 999999999 99 999999999 98 91 102 106 999999999 55 92 81 58 10 101 103 111 74 43 999999999 999999999 999999999 96 0 114 999999999 999999999 53 13 999999999 77 21 999999999 1 40 53 84 52 25 111 96 100 31 999999999 94 70 47 19 63 59 999999999 120 35 116 44 73 44 69 92 999999999 3 3 1 999999999 86 33 46 67 12 55 29 81 111 77 104 62 62 105 67 999999999 85 999999999 999999999 999999999 108 63 999999999 115 999999999 120 98 999999999 41 106 58 105 999999999 5 79 21 36 100 27 21 57 
74 7 999999999 114 2 42 62 98 36 115 41 22 83 52 999999999 18 105 97 34 999999999 109 999999999 39 81 68 63 999999999 108 9 999999999 999999999 45 38 5 27 999999999 39 60 999999999 0 51 32 999999999 999999999 999999999 71 16 29 23 73 40 999999999 999999999 101 999999999 29 63 66 117 3 89 31 999999999 118 87 40 999999999 43 7 57 999999999 14 999999999 999999999 999999999 999999999 999999999 60 62 50 99 89 999999999 85 67 44 95 31 106 42 63 999999999 999999999 88 75 84 4 100 97 87 999999999 91 72 115 66 98 96 999999999 999999999 84 999999999 999999999 20 18 111 49 999999999 999999999 999999999 5 
2 114 52 61 80 94 41 76 22 999999999 70 114 12 3 999999999 999999999 113 61 118 999999999 999999999 29 999999999 999999999 103 999999999 110 97 1 87 47 83 87 999999999 47 115 54 40 999999999 999999999 0 17 76 999999999 999999999 78 11 999999999 7 22 999999999 999999999 49 92 31 53 999999999 114 999999999 999999999 999999999 999999999 28 3 63 19 82 999999999 77 100 999999999 112 98 4 108 999999999 999999999 40 56 67 104 47 22 33 999999999 19 37 38 12 999999999 999999999 41 50 95 71 120 999999999 999999999 60 999999999 86 999999999 105 6 999999999 999999999 999999999 49 75 999999999 75 999999999 999999999 69 999999999 40 109 999999999 24 49 
999999999 85 95 99 112 34 4 13 52 999999999 55 70 999999999 94 73 53 35 95 81 114 999999999 999999999 53 111 57 105 39 999999999 74 23 999999999 23 20 999999999 999999999 28 3 85 97 81 115 0 999999999 93 75 999999999 8 84 118 114 99 72 999999999 120 57 63 999999999 999999999 97 32 76 120 999999999 24 78 66 110 115 48 57 61 20 69 114 999999999 999999999 95 53 120 11 49 90 71 999999999 4 68 6 8 999999999 38 90 27 118 999999999 69 999999999 999999999 26 999999999 999999999 79 10 68 999999999 63 117 114 8 16 22 999999999 44 84 15 999999999 999999999 999999999 999999999 9 95 
36 999999999 47 15 999999999 80 98 999999999 41 999999999 83 80 71 41 1 115 79 75 118 83 74 89 39 120 92 71 65 89 108 999999999 68 24 999999999 999999999 71 71 999999999 119 999999999 24 999999999 81 0 999999999 39 35 35 114 99 999999999 31 999999999 16 19 32 72 21 2 83 999999999 999999999 117 59 112 81 71 17 86 46 7 999999999 84 53 999999999 70 109 44 999999999 64 10 118 999999999 119 14 56 62 999999999 79 11 999999999 76 999999999 999999999 111 115 89 999999999 79 9 999999999 999999999 999999999 70 999999999 64 35 63 3 94 94 60 999999999 999999999 999999999 92 96 999999999 115 999999999 45 
9 76 999999999 84 999999999 32 98 59 71 999999999 70 77 999999999 93 4 27 90 21 41 999999999 999999999 999999999 999999999 999999999 117 999999999 75 63 83 47 95 999999999 999999999 120 91 52 74 999999999 18 54 999999999 88 21 0 999999999 10 111 41 22 999999999 999999999 90 999999999 999999999 92 76 62 107 999999999 15 999999999 67 95 79 999999999 999999999 999999999 999999999 73 113 71 999999999 999999999 999999999 92 98 999999999 3 7 48 94 999999999 999999999 9 64 999999999 57 999999999 3 120 119 999999999 104 999999999 39 113 31 999999999 4 11 63 13 100 79 27 45 95 55 999999999 72 999999999 105 16 999999999 999999999 79 8 999999999 999999999 87 
999999999 999999999 999999999 115 33 28 105 45 59 120 67 100 999999999 95 999999999 101 43 27 999999999 48 999999999 106 5 43 65 80 999999999 94 999999999 112 48 109 55 71 999999999 49 96 70 39 10 999999999 73 103 31 0 14 70 38 30 37 21 38 87 46 999999999 2 70 999999999 109 999999999 95 58 100 21 97 999999999 73 66 73 108 17 999999999 4 3 19 44 33 999999999 10 99 88 999999999 79 55 999999999 47 64 81 61 112 75 4 77 48 21 112 999999999 87 105 48 105 56 84 81 115 68 37 999999999 999999999 19 34 999999999 72 40 62 25 28 116 999999999 999999999 
999999999 1 70 113 90 29 26 12 82 83 40 70 99 105 60 30 999999999 47 999999999 999999999 64 117 104 81 999999999 89 999999999 999999999 999999999 10 71 6 111 999999999 999999999 999999999 999999999 9 49 71 56 59 60 53 85 0 49 33 2 999999999 88 64 22 999999999 96 30 63 11 58 68 80 3 89 36 84 61 999999999 90 26 999999999 37 29 110 93 56 91 51 999999999 999999999 21 32 51 90 999999999 115 9 109 999999999 1 999999999 999999999 24 76 109 36 63 13 34 17 6 999999999 999999999 999999999 24 999999999 999999999 999999999 39 36 2 41 56 115 82 38 82 999999999 54 999999999 58 
9 88 107 999999999 110 52 999999999 999999999 999999999 999999999 999999999 999999999 999999999 999999999 90 999999999 999999999 99 27 45 999999999 84 103 52 46 111 15 44 20 81 999999999 60 95 98 55 999999999 999999999 108 50 999999999 30 11 17 999999999 86 46 0 27 78 80 999999999 999999999 21 105 999999999 112 104 77 110 999999999 999999999 999999999 114 999999999 999999999 106 98 115 11 24 29 4 999999999 91 73 39 3 115 75 64 999999999 102 999999999 22 999999999 77 85 999999999 112 98 999999999 108 28 999999999 61 15 96 21 999999999 999999999 43 97 31 72 64 999999999 66 999999999 99 999999999 81 999999999 999999999 72 999999999 999999999 18 43 68 999999999 
999999999 999999999 35 999999999 85 42 113 25 999999999 82 91 27 999999999 999999999 999999999 110 999999999 999999999 104 999999999 28 59 82 16 55 106 57 52 93 999999999 60 68 48 999999999 999999999 48 14 999999999 114 999999999 27 47 999999999 999999999 82 12 999999999 0 50 11 118 58 54 8 999999999 999999999 44 115 83 93 999999999 999999999 116 102 112 52 21 90 75 30 67 36 999999999 62 44 16 38 73 96 55 999999999 93 8 64 85 1 38 999999999 93 999999999 27 87 999999999 16 109 55 82 112 103 999999999 999999999 32 104 38 23 999999999 16 119 113 63 77 999999999 10 3 76 82 120 999999999 999999999 999999999 
24 117 13 72 999999999 999999999 78 76 23 26 19 79 999999999 999999999 37 999999999 56 117 102 34 75 31 999999999 107 103 99 3 30 81 999999999 999999999 999999999 16 115 108 96 116 22 999999999 999999999 69 999999999 999999999 108 30 999999999 65 999999999 0 98 999999999 21 89 999999999 84 84 6 999999999 4 40 117 999999999 38 20 999999999 110 999999999 84 999999999 56 999999999 90 87 25 99 73 21 69 999999999 999999999 2 999999999 18 999999999 999999999 20 20 78 110 90 999999999 999999999 12 999999999 999999999 16 999999999 55 95 14 6 999999999 62 31 2 97 999999999 42 51 113 32 112 999999999 999999999 999999999 52 27 45 18 999999999 
37 26 48 55 999999999 86 66 27 102 10 8 35 11 40 22 38 120 96 999999999 78 53 38 113 62 61 45 999999999 999999999 100 76 91 120 999999999 120 74 42 52 88 25 78 2 999999999 40 11 39 85 999999999 38 999999999 0 90 999999999 87 118 19 101 62 70 999999999 8 999999999 999999999 110 77 67 97 2 999999999 7 100 24 999999999 48 98 43 999999999 102 18 72 33 70 110 48 999999999 999999999 105 999999999 999999999 47 18 999999999 999999999 999999999 117 999999999 999999999 999999999 11 999999999 26 95 7 116 53 999999999 999999999 999999999 104 999999999 118 92 999999999 18 78 999999999 55 999999999 999999999 999999999 39 
9 24 49 999999999 999999999 999999999 98 999999999 999999999 999999999 42 115 71 42 999999999 92 42 47 999999999 114 58 96 51 27 112 39 999999999 94 108 115 12 80 42 43 999999999 68 29 85 93 48 999999999 999999999 110 999999999 98 65 80 999999999 999999999 93 0 55 45 14 73 999999999 59 999999999 119 999999999 52 103 45 15 75 19 108 15 999999999 999999999 57 26 999999999 94 105 113 999999999 999999999 84 88 89 54 5 82 17 83 16 97 117 78 34 999999999 47 47 88 999999999 999999999 110 40 7 54 999999999 72 103 58 74 120 79 999999999 86 61 29 48 999999999 56 53 108 67 999999999 999999999 
98 999999999 39 53 61 999999999 118 34 93 94 16 96 85 66 999999999 98 13 999999999 40 6 33 80 82 59 999999999 100 999999999 78 11 78 113 89 999999999 65 78 61 76 999999999 82 999999999 999999999 65 45 118 22 999999999 999999999 27 2 999999999 23 0 999999999 999999999 100 999999999 24 999999999 999999999 101 82 6 61 71 1 999999999 999999999 10 36 999999999 20 16 97 64 999999999 999999999 68 86 999999999 2 80 999999999 52 42 62 15 113 999999999 999999999 100 38 24 101 999999999 3 92 999999999 18 83 77 93 95 62 999999999 73 999999999 57 76 11 87 4 64 77 999999999 999999999 26 49 999999999 31 99 
999999999 21 6 5 999999999 69 999999999 999999999 51 45 117 999999999 72 999999999 999999999 31 999999999 3 999999999 999999999 67 999999999 999999999 90 72 95 13 999999999 52 26 50 999999999 111 3 7 999999999 999999999 7 85 92 999999999 999999999 69 999999999 4 78 64 999999999 113 999999999 999999999 89 0 112 999999999 35 999999999 53 8 999999999 14 80 999999999 55 2 9 999999999 73 999999999 999999999 999999999 114 93 116 120 33 35 60 999999999 999999999 10 999999999 63 30 58 999999999 999999999 90 37 3 54 999999999 34 93 999999999 81 21 38 82 999999999 113 41 26 108 999999999 999999999 999999999 119 999999999 115 999999999 21 37 113 19 999999999 68 116 16 78 
110 115 53 35 105 999999999 999999999 999999999 111 57 74 48 49 81 1 29 106 89 82 82 104 999999999 88 999999999 999999999 999999999 32 999999999 999999999 21 49 98 33 999999999 105 11 97 77 112 103 999999999 70 69 74 103 11 27 10 47 98 61 88 102 0 113 54 43 46 91 22 81 47 101 21 113 999999999 13 999999999 61 68 68 50 36 111 28 103 91 96 101 7 46 17 999999999 999999999 50 26 999999999 999999999 18 999999999 34 9 1 14 18 63 999999999 24 27 999999999 999999999 999999999 999999999 48 10 999999999 105 66 57 38 36 15 13 999999999 34 999999999 48 73 1 70 
31 999999999 85 999999999 999999999 999999999 999999999 77 40 19 96 70 20 999999999 53 42 15 82 100 120 999999999 999999999 999999999 33 999999999 999999999 999999999 4 10 92 77 102 999999999 110 21 96 14 999999999 48 110 99 7 78 999999999 999999999 21 15 23 999999999 999999999 98 54 999999999 29 0 95 3 999999999 999999999 83 1 999999999 10 29 3 85 78 999999999 19 999999999 73 84 999999999 999999999 58 999999999 75 999999999 53 92 999999999 61 34 999999999 113 6 72 999999999 999999999 14 113 999999999 999999999 999999999 999999999 999999999 999999999 33 54 74 84 30 76 21 999999999 43 42 82 18 84 999999999 68 16 88 999999999 999999999 70 79 29 94 
7 20 14 38 8 83 63 63 70 21 999999999 13 999999999 999999999 106 999999999 101 999999999 13 999999999 999999999 999999999 103 95 10 115 50 999999999 31 114 83 86 72 111 4 39 42 104 999999999 999999999 999999999 999999999 81 999999999 31 999999999 114 3 24 999999999 999999999 999999999 3 999999999 40 0 48 44 999999999 11 15 44 92 96 75 40 999999999 61 81 105 999999999 21 41 999999999 999999999 999999999 12 113 999999999 107 52 97 76 100 999999999 77 99 105 27 2 999999999 1 999999999 101 100 999999999 95 62 26 70 999999999 62 61 89 104 48 2 999999999 999999999 68 43 84 89 105 999999999 34 43 61 68 999999999 
46 104 108 103 40 64 999999999 50 999999999 102 999999999 40 7 999999999 999999999 3 54 84 999999999 85 112 63 2 21 999999999 95 999999999 999999999 999999999 999999999 36 999999999 11 60 999999999 999999999 26 999999999 85 999999999 47 999999999 35 83 999999999 41 18 999999999 103 999999999 999999999 98 15 999999999 999999999 111 0 11 64 111 999999999 16 999999999 34 32 999999999 80 98 119 95 42 86 24 108 999999999 5 114 88 65 999999999 20 45 109 52 21 8 999999999 80 999999999 108 999999999 98 999999999 104 35 85 7 999999999 21 59 999999999 44 9 99 100 49 96 46 58 999999999 999999999 60 81 999999999 62 14 999999999 24 999999999 999999999 
999999999 7 999999999 116 999999999 81 999999999 15 120 999999999 14 79 34 79 999999999 999999999 32 69 18 10 29 999999999 41 999999999 22 76 91 22 49 999999999 38 999999999 82 53 113 999999999 92 84 33 999999999 999999999 54 999999999 999999999 51 999999999 18 31 21 28 110 115 999999999 27 999999999 7 58 0 999999999 103 67 999999999 999999999 116 101 10 30 999999999 66 90 999999999 50 54 101 115 12 76 999999999 11 77 53 999999999 67 75 999999999 999999999 18 47 999999999 999999999 56 116 999999999 105 50 78 100 14 87 92 999999999 37 40 109 29 999999999 24 106 46 36 999999999 42 104 90 17 999999999 44 62 34 999999999 
28 999999999 84 55 89 999999999 87 999999999 38 47 99 65 120 999999999 2 999999999 999999999 999999999 43 999999999 999999999 64 103 10 120 8 44 115 39 74 9 57 999999999 20 39 999999999 19 999999999 999999999 999999999 999999999 35 62 999999999 59 15 38 11 109 999999999 68 999999999 999999999 999999999 999999999 67 120 106 0 49 7 999999999 80 73 105 999999999 999999999 37 3 999999999 103 110 999999999 116 43 999999999 999999999 999999999 117 999999999 2 120 999999999 66 999999999 63 53 60 86 78 51 72 50 26 999999999 3 999999999 43 51 105 999999999 3 6 5 6 91 999999999 6 999999999 26 40 999999999 999999999 51 33 57 83 999999999 50 999999999 
11 999999999 999999999 105 4 999999999 64 60 9 17 72 999999999 999999999 999999999 102 999999999 61 118 120 41 999999999 62 98 45 999999999 999999999 91 74 23 61 2 999999999 999999999 86 80 106 999999999 58 66 58 999999999 66 999999999 90 999999999 999999999 91 109 54 39 41 18 999999999 58 48 68 999999999 21 48 0 109 40 32 77 61 47 10 999999999 90 999999999 999999999 98 7 45 999999999 41 999999999 115 9 64 82 113 999999999 22 70 39 39 32 75 999999999 68 116 85 999999999 103 999999999 999999999 96 67 999999999 75 999999999 89 22 23 999999999 89 999999999 999999999 999999999 82 34 5 999999999 68 35 117 16 77 60 
999999999 115 999999999 96 62 999999999 117 108 14 69 999999999 105 18 999999999 58 117 999999999 109 999999999 106 89 48 999999999 104 68 111 111 109 83 94 63 84 85 83 38 999999999 999999999 15 57 999999999 20 999999999 999999999 16 21 999999999 14 39 49 97 999999999 999999999 80 103 89 999999999 999999999 999999999 53 999999999 0 78 999999999 58 16 47 80 63 41 999999999 46 41 999999999 64 17 73 47 103 115 5 39 10 95 19 94 999999999 68 15 18 999999999 107 57 999999999 999999999 109 40 6 67 83 4 22 999999999 999999999 68 8 15 79 42 999999999 2 51 999999999 59 115 74 45 16 999999999 26 68 
65 999999999 35 62 27 74 999999999 78 999999999 999999999 71 999999999 56 63 65 89 999999999 36 100 999999999 999999999 999999999 110 999999999 999999999 999999999 2 999999999 110 999999999 29 24 999999999 50 70 56 999999999 51 999999999 60 999999999 25 38 35 23 58 21 34 115 114 80 117 24 999999999 999999999 94 5 7 999999999 66 36 0 999999999 999999999 42 999999999 999999999 54 999999999 999999999 999999999 112 71 999999999 112 3 103 31 999999999 105 98 18 999999999 70 87 98 999999999 7 999999999 93 117 82 105 97 999999999 999999999 22 59 999999999 97 85 89 999999999 12 3 999999999 6 999999999 999999999 999999999 65 999999999 68 116 999999999 87 80 999999999 999999999 75 
999999999 59 83 999999999 97 999999999 12 59 999999999 101 999999999 84 77 999999999 76 67 46 999999999 999999999 48 999999999 24 999999999 53 29 14 999999999 115 116 5 89 17 67 33 999999999 38 999999999 98 75 115 999999999 19 45 999999999 22 61 100 91 103 999999999 32 24 51 20 999999999 999999999 92 98 36 999999999 86 102 0 88 38 49 999999999 119 114 999999999 33 999999999 95 11 93 111 999999999 69 999999999 33 50 14 97 21 999999999 53 59 999999999 999999999 94 999999999 68 70 33 64 49 47 999999999 40 11 77 120 34 98 999999999 2 999999999 82 3 999999999 88 90 103 76 106 61 26 999999999 11 56 
999999999 999999999 48 999999999 63 999999999 47 87 999999999 71 999999999 36 70 38 63 999999999 38 29 999999999 56 82 23 45 55 68 63 999999999 108 48 91 37 999999999 12 16 105 999999999 100 90 18 112 120 100 106 6 999999999 999999999 100 76 55 999999999 110 999999999 999999999 999999999 6 86 999999999 104 999999999 15 999999999 44 86 0 999999999 53 20 49 61 999999999 11 41 999999999 97 999999999 119 57 999999999 72 101 36 51 28 76 87 33 59 104 29 999999999 81 54 999999999 49 999999999 999999999 999999999 999999999 999999999 8 100 87 50 999999999 9 114 999999999 51 3 49 73 90 999999999 22 25 34 999999999 999999999 1 80 
77 999999999 999999999 54 6 103 90 999999999 58 120 108 999999999 19 7 999999999 999999999 32 110 53 76 999999999 65 999999999 23 999999999 99 79 999999999 24 23 65 7 999999999 999999999 999999999 107 41 10 29 95 35 999999999 31 117 95 37 8 12 30 83 70 75 67 87 12 999999999 17 101 113 20 36 999999999 27 20 0 120 105 88 66 48 67 39 99 999999999 65 999999999 27 100 65 109 999999999 109 19 75 999999999 97 57 27 78 17 49 75 72 20 73 106 50 85 999999999 50 42 13 17 60 85 999999999 999999999 17 118 19 24 999999999 1 999999999 67 80 999999999 7 117 104 
999999999 111 28 12 52 56 38 999999999 93 999999999 58 28 44 999999999 56 81 999999999 999999999 114 106 57 98 999999999 13 46 42 31 47 62 94 999999999 999999999 101 999999999 91 999999999 1 15 97 118 103 999999999 115 7 34 27 999999999 37 999999999 13 82 108 118 118 12 97 999999999 41 999999999 63 95 89 19 25 58 0 1 999999999 999999999 72 27 21 2 73 999999999 106 54 21 999999999 999999999 20 86 36 999999999 999999999 79 97 76 999999999 113 38 3 19 64 37 110 11 37 64 81 65 999999999 113 34 94 83 99 58 999999999 40 999999999 999999999 112 48 80 86 999999999 999999999 32 999999999 
103 90 81 999999999 77 10 10 113 3 23 999999999 9 30 999999999 72 30 999999999 999999999 46 34 4 75 35 999999999 108 999999999 2 999999999 69 50 999999999 69 999999999 999999999 31 79 25 999999999 999999999 107 20 30 10 49 99 21 94 18 9 14 999999999 999999999 18 999999999 98 29 62 999999999 83 56 45 999999999 81 77 26 116 0 7 81 52 98 95 999999999 71 6 999999999 999999999 64 999999999 999999999 60 999999999 98 73 80 999999999 1 92 100 999999999 14 59 30 41 71 9 999999999 94 30 999999999 999999999 5 999999999 14 999999999 999999999 98 71 74 68 62 114 6 81 51 117 115 120 999999999 63 
74 999999999 103 91 1 42 31 3 71 116 999999999 999999999 999999999 94 999999999 70 5 15 18 105 84 37 39 99 43 26 999999999 80 7 96 999999999 95 999999999 66 999999999 30 999999999 11 5 44 45 999999999 999999999 94 45 21 999999999 14 108 999999999 79 28 24 999999999 58 999999999 99 999999999 116 81 40 85 999999999 33 24 94 999999999 0 79 42 36 999999999 999999999 999999999 77 39 57 999999999 45 85 114 118 48 63 999999999 57 11 26 999999999 18 60 23 57 66 999999999 88 20 22 999999999 102 18 61 17 999999999 83 11 51 999999999 999999999 17 1 35 96 999999999 74 99 44 120 44 52 
68 34 999999999 88 31 21 20 999999999 999999999 86 116 35 88 71 999999999 1 84 70 21 111 96 999999999 95 119 112 999999999 999999999 93 999999999 38 78 999999999 7 55 22 61 101 46 103 999999999 49 19 999999999 75 92 999999999 999999999 23 999999999 6 20 999999999 65 5 52 999999999 999999999 55 103 118 111 75 87 47 999999999 36 31 65 0 999999999 10 98 47 46 120 23 114 80 999999999 118 13 3 999999999 999999999 96 55 36 84 101 14 89 26 88 999999999 999999999 2 53 35 118 100 31 62 119 999999999 43 999999999 100 20 82 62 36 111 90 117 75 107 6 999999999 18 999999999 
90 999999999 999999999 999999999 18 24 999999999 53 119 999999999 999999999 68 13 999999999 103 116 94 23 79 112 8 11 95 999999999 38 999999999 999999999 113 35 58 54 17 112 24 80 999999999 106 999999999 34 76 75 109 86 107 21 109 120 20 70 112 14 76 56 102 88 999999999 999999999 14 22 74 71 115 9 63 999999999 25 115 112 75 0 113 115 119 24 116 92 999999999 113 9 999999999 999999999 80 999999999 72 51 7 61 999999999 93 26 54 27 114 999999999 9 82 115 57 999999999 50 48 13 999999999 29 30 999999999 24 58 24 74 44 63 22 72 114 91 119 999999999 85 999999999 
19 37 85 65 100 69 5 3 100 75 17 65 105 47 106 999999999 56 82 100 999999999 999999999 999999999 110 39 33 999999999 13 999999999 999999999 67 86 999999999 66 999999999 90 999999999 999999999 21 50 999999999 999999999 999999999 119 22 2 999999999 999999999 29 43 58 111 999999999 999999999 40 999999999 999999999 999999999 79 63 999999999 54 90 999999999 27 107 999999999 53 117 65 999999999 0 41 37 999999999 14 110 999999999 82 999999999 92 999999999 21 84 102 999999999 117 999999999 999999999 72 113 999999999 999999999 999999999 27 10 999999999 91 75 27 16 54 65 80 28 999999999 60 109 999999999 999999999 999999999 94 74 9 102 63 999999999 105 107 999999999 40 
11 67 43 104 999999999 999999999 5 36 43 48 46 17 102 999999999 999999999 106 53 999999999 999999999 999999999 106 83 20 41 999999999 87 999999999 999999999 99 999999999 84 57 18 999999999 87 72 50 56 71 999999999 104 46 999999999 27 36 79 26 999999999 96 90 42 26 999999999 118 999999999 999999999 84 54 26 71 85 34 999999999 51 999999999 35 77 999999999 101 84 50 0 1 112 40 83 999999999 52 33 999999999 18 6 110 999999999 999999999 8 999999999 999999999 69 63 999999999 30 32 110 62 17 5 72 22 15 80 21 999999999 999999999 999999999 999999999 1 30 999999999 999999999 65 58 999999999 57 118 999999999 89 58 85 119 
66 91 999999999 105 117 119 999999999 999999999 999999999 999999999 999999999 999999999 32 999999999 17 101 7 999999999 999999999 999999999 84 999999999 42 999999999 114 999999999 30 999999999 999999999 34 6 91 117 107 69 37 65 999999999 2 37 41 35 999999999 11 999999999 15 999999999 999999999 43 999999999 13 35 999999999 18 114 75 999999999 7 117 999999999 44 20 117 93 13 19 17 71 46 50 999999999 15 0 999999999 110 2 999999999 50 14 99 999999999 8 112 111 65 999999999 57 4 999999999 94 113 999999999 15 31 999999999 108 67 999999999 999999999 62 59 999999999 999999999 100 999999999 31 999999999 7 16 999999999 25 4 98 999999999 90 10 81 999999999 999999999 30 
999999999 25 51 31 17 999999999 76 69 999999999 999999999 21 119 55 110 115 36 87 23 999999999 999999999 999999999 28 18 51 20 86 999999999 81 119 999999999 44 68 17 66 118 76 119 999999999 59 999999999 107 90 101 89 69 999999999 99 48 999999999 75 100 97 77 34 999999999 31 999999999 999999999 999999999 999999999 999999999 110 14 999999999 15 999999999 95 62 23 8 999999999 52 999999999 0 11 106 999999999 999999999 999999999 999999999 32 999999999 83 55 999999999 20 21 999999999 10 3 8 103 27 7 64 95 999999999 27 65 79 105 92 13 111 999999999 999999999 999999999 86 67 999999999 39 26 999999999 72 7 120 76 999999999 999999999 66 
58 999999999 69 37 67 9 30 999999999 52 30 999999999 100 79 999999999 8 58 56 999999999 16 7 77 117 1 3 95 999999999 999999999 999999999 24 34 86 999999999 50 105 94 16 34 3 113 83 999999999 51 7 83 108 999999999 58 83 78 999999999 48 999999999 32 93 62 999999999 999999999 59 999999999 999999999 96 999999999 41 20 9 1 999999999 61 17 999999999 999999999 99 31 25 0 7 23 75 36 53 117 999999999 999999999 93 16 68 8 70 63 55 9 115 15 103 36 67 20 999999999 999999999 85 32 999999999 74 999999999 68 106 999999999 999999999 80 48 20 45 3 999999999 75 999999999 104 999999999 95 108 
65 73 107 999999999 58 999999999 31 999999999 115 999999999 999999999 76 16 999999999 91 73 79 31 999999999 35 90 45 999999999 30 999999999 999999999 2 42 117 64 90 36 117 999999999 999999999 999999999 21 46 101 112 61 83 106 81 99 90 24 62 18 75 49 60 999999999 120 4 19 1 999999999 119 999999999 29 104 25 89 66 117 999999999 58 999999999 80 120 73 69 999999999 93 0 110 999999999 999999999 77 999999999 999999999 9 999999999 999999999 106 48 48 60 999999999 24 999999999 1 116 999999999 65 77 44 84 999999999 65 48 46 77 103 999999999 11 999999999 48 99 31 51 999999999 9 32 89 999999999 999999999 43 999999999 
41 51 999999999 19 999999999 81 75 999999999 86 999999999 14 999999999 102 999999999 92 47 999999999 51 999999999 96 999999999 76 19 60 999999999 112 34 999999999 40 92 999999999 8 7 1 51 999999999 34 94 999999999 18 100 40 106 999999999 79 97 63 67 81 55 67 99 999999999 999999999 29 999999999 30 50 119 61 108 999999999 21 11 999999999 999999999 5 999999999 68 999999999 108 67 999999999 81 999999999 39 0 5 107 18 50 61 75 103 999999999 51 81 999999999 86 99 999999999 74 25 32 31 94 95 37 999999999 26 999999999 999999999 999999999 75 999999999 3 43 60 52 999999999 999999999 999999999 35 999999999 4 84 999999999 71 34 120 
76 999999999 65 116 104 106 999999999 999999999 11 40 56 999999999 66 97 999999999 57 90 98 999999999 36 999999999 999999999 38 999999999 999999999 999999999 116 16 999999999 72 81 108 999999999 31 37 6 999999999 17 999999999 91 999999999 64 104 999999999 999999999 92 13 999999999 99 116 999999999 999999999 57 72 63 114 51 111 999999999 5 62 80 2 89 70 999999999 105 81 999999999 71 75 5 999999999 80 82 102 15 0 68 999999999 56 999999999 22 91 34 25 88 50 999999999 64 999999999 999999999 58 999999999 19 55 45 999999999 117 27 13 48 46 999999999 999999999 999999999 50 62 999999999 999999999 42 999999999 53 4 31 999999999 118 50 999999999 25 
999999999 61 17 50 21 82 999999999 23 7 25 97 2 1 36 999999999 999999999 51 49 100 999999999 113 1 999999999 70 54 999999999 46 81 999999999 80 999999999 1 61 999999999 41 46 26 79 43 32 999999999 52 999999999 999999999 117 21 65 14 999999999 16 999999999 72 4 99 111 999999999 16 999999999 104 118 999999999 999999999 11 23 999999999 999999999 64 60 999999999 27 95 999999999 999999999 56 37 77 39 9 0 63 68 26 105 45 81 91 92 55 102 85 98 22 30 89 999999999 999999999 12 46 58 110 62 15 999999999 999999999 112 52 15 999999999 47 999999999 999999999 34 65 999999999 9 999999999 117 93 62 999999999 
999999999 999999999 68 95 999999999 999999999 51 2 79 88 999999999 999999999 2 64 999999999 30 9 93 50 108 76 63 93 54 80 999999999 100 74 60 24 61 101 19 19 25 111 25 999999999 999999999 61 999999999 999999999 999999999 79 75 999999999 15 66 26 91 999999999 104 999999999 100 120 999999999 83 27 93 43 51 63 60 106 999999999 999999999 999999999 97 999999999 67 103 114 82 5 119 63 76 1 999999999 0 15 9 39 63 999999999 13 999999999 38 117 27 103 31 999999999 34 999999999 53 60 89 111 999999999 74 25 56 47 12 59 999999999 74 114 60 80 999999999 999999999 64 78 91 84 11 40 118 
999999999 35 999999999 10 100 39 46 999999999 46 999999999 64 24 999999999 73 999999999 999999999 999999999 999999999 73 110 999999999 999999999 97 50 114 60 79 999999999 999999999 91 999999999 27 110 60 40 23 110 999999999 999999999 999999999 99 999999999 103 18 999999999 31 41 84 71 999999999 999999999 15 999999999 39 5 999999999 999999999 23 51 6 999999999 999999999 115 999999999 999999999 999999999 999999999 55 999999999 38 54 67 999999999 14 53 117 999999999 48 23 999999999 0 71 15 10 999999999 999999999 78 29 21 999999999 77 79 999999999 999999999 32 31 11 15 105 999999999 999999999 67 9 57 999999999 999999999 120 35 39 30 61 999999999 999999999 92 43 58 32 999999999 35 60 
115 117 47 20 8 77 12 71 81 999999999 999999999 999999999 84 18 6 99 92 70 999999999 999999999 90 999999999 72 114 9 999999999 76 39 99 999999999 23 20 61 105 56 65 999999999 67 48 44 999999999 999999999 58 104 118 15 32 63 999999999 22 999999999 56 4 47 15 999999999 999999999 45 999999999 109 999999999 74 35 84 20 95 999999999 25 999999999 60 999999999 31 999999999 99 999999999 60 999999999 78 999999999 30 999999999 0 999999999 26 117 105 69 33 999999999 76 114 999999999 99 81 47 25 23 49 95 999999999 999999999 999999999 95 999999999 82 6 999999999 999999999 35 59 100 4 72 96 37 102 101 25 999999999 49 
999999999 8 79 999999999 999999999 999999999 58 6 6 16 999999999 999999999 51 106 4 999999999 89 49 33 35 999999999 999999999 90 2 28 999999999 999999999 999999999 51 104 3 102 999999999 105 999999999 66 999999999 120 27 56 20 116 101 52 999999999 57 112 23 74 66 93 48 95 12 21 34 44 999999999 19 999999999 999999999 117 22 112 999999999 999999999 999999999 42 10 64 999999999 85 31 53 999999999 94 97 52 114 72 118 102 0 51 999999999 47 6 999999999 72 999999999 999999999 34 118 999999999 86 999999999 1 26 999999999 999999999 104 120 13 999999999 999999999 7 1 97 999999999 114 116 71 119 53 28 2 97 27 14 56 
107 73 25 999999999 999999999 60 45 49 106 103 104 999999999 999999999 22 77 999999999 999999999 30 45 999999999 105 999999999 999999999 999999999 120 999999999 999999999 91 13 999999999 23 9 999999999 89 2 52 999999999 10 19 49 999999999 999999999 5 18 999999999 999999999 115 85 74 115 9 118 91 80 54 999999999 97 999999999 67 70 32 109 56 94 26 105 58 999999999 12 11 13 41 58 4 999999999 34 111 86 28 78 42 999999999 39 0 11 17 12 24 999999999 15 5 1 6 103 999999999 89 999999999 56 999999999 15 999999999 51 111 8 999999999 36 999999999 999999999 999999999 999999999 999999999 102 41 49 69 10 21 106 23 999999999 
82 999999999 49 102 107 21 999999999 999999999 99 22 98 50 34 87 23 5 37 120 999999999 999999999 82 117 999999999 5 41 34 65 51 999999999 999999999 57 999999999 53 999999999 33 10 999999999 96 87 40 48 999999999 17 26 17 41 34 999999999 999999999 120 999999999 48 999999999 61 103 999999999 999999999 999999999 48 999999999 12 117 999999999 77 86 24 113 999999999 57 85 13 21 2 999999999 106 62 24 97 39 59 54 999999999 28 113 0 29 103 64 114 95 999999999 999999999 15 2 78 999999999 110 76 999999999 999999999 104 999999999 74 48 999999999 2 113 999999999 999999999 19 999999999 999999999 34 90 61 55 7 65 42 36 
88 84 999999999 999999999 12 104 80 57 67 45 86 19 86 40 104 12 55 100 89 82 26 999999999 999999999 999999999 106 14 101 8 999999999 999999999 69 40 69 78 999999999 3 28 82 95 999999999 35 999999999 48 42 54 27 18 999999999 40 98 111 103 65 113 56 108 86 68 7 999999999 11 88 1 999999999 999999999 66 13 24 999999999 999999999 999999999 92 109 999999999 110 29 92 19 117 108 999999999 999999999 59 78 999999999 0 999999999 113 999999999 67 999999999 75 999999999 52 23 38 7 999999999 87 92 43 17 111 28 23 999999999 118 999999999 40 74 77 999999999 57 14 14 72 999999999 46 11 78 
999999999 86 96 999999999 74 67 999999999 999999999 75 999999999 71 49 10 999999999 120 96 999999999 98 66 64 36 999999999 42 999999999 84 76 46 82 98 75 78 14 999999999 59 999999999 116 999999999 999999999 117 999999999 33 96 110 999999999 103 13 82 54 113 111 999999999 12 93 999999999 85 24 999999999 102 18 112 90 32 108 999999999 28 13 21 108 116 37 44 54 999999999 36 101 95 103 1 999999999 25 76 13 26 33 115 999999999 0 999999999 32 81 76 999999999 100 999999999 7 999999999 999999999 12 41 43 36 999999999 999999999 26 80 72 82 3 32 70 92 48 999999999 27 53 999999999 17 23 999999999 999999999 
999999999 108 999999999 999999999 47 113 37 3 41 75 120 46 25 58 999999999 60 35 999999999 112 116 33 999999999 60 39 999999999 45 80 56 69 56 43 16 8 999999999 999999999 999999999 76 79 97 21 999999999 48 21 96 110 116 35 13 999999999 999999999 104 34 999999999 32 999999999 20 41 42 57 999999999 34 999999999 999999999 14 999999999 999999999 42 75 82 68 5 15 2 999999999 120 74 30 59 16 1 999999999 73 19 999999999 109 76 29 0 69 54 57 999999999 999999999 999999999 999999999 6 27 999999999 106 68 999999999 999999999 22 47 24 88 84 38 10 106 106 102 999999999 22 999999999 53 999999999 999999999 999999999 50 
35 100 9 117 15 999999999 15 999999999 48 114 51 96 999999999 94 999999999 999999999 18 999999999 999999999 999999999 49 76 76 999999999 999999999 97 96 119 63 32 74 51 999999999 999999999 999999999 14 999999999 74 999999999 54 36 91 118 999999999 999999999 999999999 65 97 97 25 35 93 999999999 31 99 93 106 91 999999999 999999999 45 999999999 999999999 999999999 999999999 60 999999999 109 999999999 116 999999999 999999999 111 75 61 81 52 999999999 999999999 999999999 38 10 999999999 999999999 93 999999999 999999999 98 0 112 46 69 119 999999999 83 999999999 999999999 999999999 999999999 57 61 999999999 999999999 103 34 114 102 999999999 999999999 26 27 60 999999999 17 999999999 999999999 999999999 81 115 54 
24 999999999 999999999 18 51 53 999999999 41 109 78 54 100 999999999 3 85 41 101 84 26 27 999999999 27 13 999999999 22 42 111 51 75 26 119 94 32 85 97 999999999 999999999 10 5 100 22 119 999999999 74 999999999 999999999 54 999999999 999999999 105 120 999999999 6 999999999 50 107 999999999 37 117 49 999999999 78 57 999999999 999999999 999999999 82 999999999 115 11 24 105 999999999 999999999 46 999999999 105 94 999999999 60 116 64 82 999999999 78 85 27 62 53 0 113 86 109 109 39 50 999999999 71 999999999 999999999 98 999999999 97 999999999 89 54 108 999999999 74 120 34 77 999999999 22 86 999999999 999999999 999999999 115 73 
999999999 999999999 116 81 80 79 12 999999999 81 61 999999999 999999999 53 63 12 12 999999999 999999999 999999999 47 999999999 60 19 46 80 999999999 999999999 999999999 999999999 113 999999999 28 33 999999999 999999999 999999999 77 67 23 30 80 59 999999999 44 74 81 46 68 999999999 92 86 19 79 111 999999999 74 999999999 999999999 48 999999999 999999999 69 2 999999999 999999999 109 56 999999999 58 104 999999999 98 999999999 999999999 83 107 97 999999999 999999999 65 999999999 99 46 87 999999999 41 111 999999999 22 22 0 999999999 15 999999999 19 999999999 999999999 18 5 77 999999999 111 999999999 26 115 109 999999999 23 119 36 91 82 999999999 89 999999999 41 106 61 61 30 
68 68 28 25 54 999999999 112 111 48 82 999999999 84 26 20 102 83 11 58 999999999 999999999 103 13 86 12 33 57 999999999 33 999999999 29 51 98 93 36 999999999 1 5 999999999 24 16 13 4 40 40 20 73 999999999 999999999 999999999 999999999 113 999999999 2 90 999999999 999999999 53 999999999 105 34 999999999 96 82 31 106 999999999 999999999 108 999999999 999999999 999999999 20 999999999 70 22 999999999 999999999 39 116 58 28 2 999999999 999999999 999999999 92 999999999 999999999 999999999 73 97 0 88 27 999999999 112 48 57 999999999 999999999 86 119 999999999 8 19 59 999999999 66 4 999999999 108 21 63 5 30 999999999 999999999 76 109 28 
102 999999999 34 21 20 73 119 50 47 999999999 999999999 25 111 999999999 999999999 32 999999999 80 999999999 82 78 999999999 17 62 44 36 999999999 4 37 68 54 999999999 8 36 54 40 999999999 999999999 999999999 100 44 102 113 55 108 999999999 65 999999999 62 5 78 999999999 3 103 16 999999999 96 100 3 999999999 76 999999999 7 67 2 999999999 87 12 999999999 999999999 74 61 999999999 23 114 999999999 37 999999999 62 999999999 21 999999999 63 37 999999999 114 23 999999999 64 18 41 999999999 0 999999999 81 110 72 999999999 115 14 999999999 83 41 999999999 70 999999999 999999999 91 999999999 120 84 63 999999999 999999999 43 13 61 67 999999999 55 
999999999 21 15 53 117 3 58 999999999 22 93 999999999 16 999999999 114 117 52 65 113 62 999999999 999999999 60 999999999 86 32 26 63 999999999 106 79 87 11 999999999 24 115 101 89 999999999 8 58 17 16 999999999 999999999 999999999 75 27 999999999 33 98 25 118 46 24 3 75 8 999999999 50 42 76 69 999999999 4 25 105 24 74 34 999999999 39 11 5 33 119 120 1 999999999 999999999 999999999 1 29 14 46 16 86 999999999 103 28 999999999 5 999999999 43 0 10 86 118 103 999999999 999999999 23 15 113 62 87 48 69 50 999999999 999999999 10 999999999 999999999 65 53 117 999999999 1 58 88 
120 999999999 84 33 118 999999999 999999999 53 40 74 58 82 42 999999999 22 112 79 99 78 93 65 999999999 15 109 113 999999999 86 999999999 63 91 24 999999999 67 114 98 44 999999999 73 80 999999999 28 999999999 50 83 2 34 999999999 82 999999999 999999999 51 999999999 14 117 49 102 97 16 57 36 999999999 74 45 16 999999999 31 34 93 68 4 999999999 20 55 56 48 3 112 22 12 78 999999999 71 999999999 23 999999999 61 43 999999999 999999999 89 999999999 77 999999999 56 0 58 103 83 999999999 24 38 90 37 109 999999999 54 999999999 8 55 48 60 101 107 115 999999999 73 999999999 1 108 999999999 
12 69 88 999999999 65 92 999999999 81 112 999999999 61 999999999 71 999999999 999999999 68 999999999 13 55 999999999 999999999 115 999999999 94 11 88 8 48 97 999999999 96 999999999 999999999 99 54 109 3 96 999999999 82 101 117 64 118 72 1 30 36 999999999 96 73 22 110 112 999999999 33 999999999 8 999999999 90 110 117 999999999 999999999 999999999 999999999 6 6 51 25 999999999 27 115 999999999 79 58 96 999999999 80 81 999999999 66 25 65 999999999 999999999 86 73 65 999999999 999999999 12 37 115 1 0 999999999 999999999 999999999 999999999 73 999999999 999999999 999999999 999999999 12 999999999 999999999 48 9 14 53 5 999999999 110 999999999 999999999 999999999 117 95 
999999999 30 16 112 7 109 81 82 113 67 109 999999999 999999999 8 46 39 13 99 35 75 16 59 29 120 96 999999999 25 999999999 12 106 999999999 999999999 61 999999999 5 999999999 999999999 33 999999999 55 999999999 999999999 58 999999999 999999999 59 32 28 62 118 999999999 999999999 101 999999999 13 999999999 999999999 81 88 999999999 65 16 999999999 999999999 106 92 10 11 13 999999999 30 3 999999999 63 115 66 70 999999999 999999999 999999999 33 96 45 50 36 7 15 28 67 999999999 29 36 55 999999999 44 999999999 0 999999999 84 1 70 999999999 27 25 13 52 79 94 999999999 1 30 16 999999999 18 48 23 31 105 999999999 999999999 
107 91 93 102 108 49 119 12 120 999999999 999999999 80 28 999999999 4 999999999 116 51 999999999 40 61 79 82 59 88 70 80 43 101 70 97 999999999 999999999 102 18 89 999999999 73 105 54 74 78 96 999999999 19 75 53 28 66 999999999 117 70 52 999999999 999999999 999999999 114 98 23 20 45 99 96 999999999 7 13 999999999 999999999 57 999999999 100 75 999999999 999999999 999999999 59 111 63 96 3 54 9 101 105 999999999 98 14 33 999999999 82 999999999 37 88 117 999999999 99 82 0 20 999999999 999999999 80 116 80 999999999 999999999 2 44 33 76 5 20 39 109 999999999 81 114 9 48 999999999 
59 36 999999999 52 19 999999999 999999999 19 72 999999999 7 56 100 8 999999999 999999999 22 117 999999999 117 59 19 999999999 17 85 120 999999999 70 999999999 999999999 65 999999999 103 40 999999999 999999999 999999999 52 36 999999999 68 52 36 999999999 65 18 5 21 999999999 999999999 81 86 109 999999999 53 61 47 999999999 999999999 106 999999999 118 81 90 999999999 45 115 999999999 38 999999999 34 100 67 53 66 92 63 32 66 999999999 999999999 111 29 93 999999999 18 999999999 999999999 6 82 112 999999999 999999999 999999999 75 86 36 114 0 11 119 999999999 999999999 25 71 999999999 67 52 120 88 999999999 999999999 29 999999999 16 999999999 9 32 999999999 45 
999999999 999999999 999999999 107 88 999999999 117 999999999 999999999 27 999999999 999999999 999999999 61 999999999 95 999999999 56 88 21 118 999999999 19 57 15 117 16 112 24 999999999 58 105 999999999 999999999 112 999999999 108 113 999999999 95 97 999999999 30 999999999 999999999 87 19 45 14 999999999 49 49 57 53 999999999 999999999 34 14 13 999999999 34 8 5 999999999 3 999999999 999999999 34 999999999 999999999 76 999999999 56 999999999 999999999 88 92 86 999999999 35 58 72 999999999 106 62 999999999 49 39 78 7 999999999 15 98 999999999 78 103 103 113 102 0 999999999 999999999 57 72 60 115 999999999 65 84 7 999999999 43 94 999999999 58 58 102 13 84 120 
999999999 999999999 999999999 999999999 60 106 41 999999999 16 999999999 65 43 999999999 77 73 999999999 107 999999999 999999999 999999999 65 105 38 14 999999999 28 999999999 37 102 999999999 85 82 86 92 5 89 48 43 68 100 104 40 115 11 999999999 27 999999999 16 79 70 14 26 79 83 84 55 96 82 999999999 2 38 13 999999999 85 95 1 112 73 109 999999999 68 999999999 63 11 999999999 38 999999999 85 17 23 113 68 58 999999999 77 32 27 999999999 999999999 46 96 71 69 35 999999999 33 51 14 999999999 44 0 27 120 118 72 999999999 999999999 65 999999999 999999999 999999999 999999999 104 999999999 999999999 999999999 77 58 999999999 999999999 
43 82 38 999999999 999999999 70 83 108 999999999 999999999 89 75 999999999 16 62 6 88 81 999999999 67 63 113 114 76 52 999999999 999999999 999999999 70 999999999 999999999 15 77 50 12 27 14 999999999 999999999 43 999999999 43 7 2 78 109 999999999 18 26 999999999 69 76 76 45 119 34 61 61 31 112 35 95 59 999999999 49 17 999999999 999999999 57 14 21 92 97 999999999 999999999 999999999 999999999 999999999 49 37 109 71 37 999999999 112 47 120 67 43 999999999 111 26 114 15 65 116 88 44 114 29 110 0 999999999 50 117 99 43 25 98 84 999999999 56 999999999 116 999999999 999999999 58 89 999999999 110 
93 66 20 65 82 57 106 999999999 107 113 19 999999999 999999999 89 113 27 10 999999999 999999999 29 20 1 999999999 85 999999999 117 78 49 90 69 999999999 111 14 7 48 58 79 999999999 54 93 58 23 27 999999999 40 108 95 999999999 999999999 999999999 22 999999999 9 999999999 999999999 999999999 999999999 65 999999999 112 43 999999999 999999999 56 40 9 999999999 999999999 53 999999999 999999999 114 103 14 59 37 6 999999999 12 89 111 1 999999999 10 999999999 53 999999999 999999999 117 999999999 20 29 55 64 999999999 24 30 32 93 999999999 92 87 0 56 28 93 41 67 999999999 999999999 17 999999999 999999999 16 58 999999999 999999999 58 95 999999999 
87 81 48 104 71 39 23 40 18 12 112 92 112 14 45 78 19 999999999 102 23 45 62 94 83 85 80 29 115 116 74 4 999999999 119 9 43 23 24 999999999 999999999 999999999 999999999 70 79 999999999 999999999 20 43 109 999999999 999999999 999999999 999999999 31 6 94 54 48 999999999 78 999999999 104 60 108 999999999 55 999999999 113 29 97 24 999999999 999999999 51 999999999 999999999 999999999 65 999999999 999999999 999999999 76 108 27 20 85 999999999 999999999 56 14 999999999 30 85 107 999999999 22 29 999999999 60 103 104 77 73 999999999 0 34 110 17 45 48 15 85 98 999999999 26 999999999 999999999 13 103 73 96 
999999999 999999999 999999999 999999999 105 8 999999999 999999999 90 18 52 104 2 46 5 44 33 92 16 46 69 64 91 109 117 42 63 29 107 999999999 72 3 39 104 82 9 84 103 20 63 71 999999999 47 113 65 86 99 24 115 50 107 106 58 47 23 24 64 13 19 80 42 105 999999999 999999999 999999999 999999999 27 114 54 68 999999999 13 91 999999999 110 999999999 999999999 999999999 59 66 999999999 29 108 102 24 999999999 71 113 999999999 37 60 999999999 86 76 999999999 63 84 92 74 999999999 999999999 999999999 15 999999999 0 999999999 93 35 50 999999999 999999999 26 60 99 999999999 49 45 28 58 100 
999999999 57 999999999 22 999999999 93 999999999 86 13 999999999 1 92 120 17 999999999 999999999 8 2 115 23 90 999999999 117 999999999 999999999 97 999999999 51 24 32 102 999999999 102 999999999 112 999999999 49 120 999999999 17 3 66 30 26 21 999999999 999999999 27 62 10 999999999 35 106 96 28 999999999 999999999 5 53 999999999 84 51 119 90 20 2 43 66 74 999999999 17 14 999999999 68 43 53 113 14 2 16 999999999 24 97 22 999999999 82 999999999 999999999 54 99 101 72 70 92 74 111 52 74 999999999 999999999 43 79 81 5 34 0 999999999 999999999 999999999 999999999 999999999 28 77 15 999999999 3 16 999999999 38 35 
50 999999999 110 31 53 25 88 999999999 106 53 62 999999999 999999999 82 999999999 100 72 69 999999999 70 2 112 87 999999999 999999999 999999999 101 999999999 5 15 999999999 999999999 999999999 34 90 83 14 39 34 999999999 9 999999999 999999999 43 35 77 44 52 999999999 999999999 92 45 119 20 83 59 17 999999999 17 28 48 22 56 87 38 999999999 999999999 32 39 40 93 999999999 62 68 89 22 89 26 70 73 68 25 68 67 117 95 999999999 999999999 43 999999999 42 75 28 61 53 118 999999999 8 15 98 999999999 999999999 32 999999999 48 98 0 57 999999999 999999999 3 80 51 999999999 92 64 999999999 35 999999999 999999999 
999999999 50 999999999 4 999999999 65 101 71 32 999999999 79 36 43 999999999 9 999999999 27 79 45 9 54 8 56 999999999 110 15 110 45 999999999 59 11 999999999 999999999 999999999 120 7 999999999 92 999999999 999999999 118 999999999 999999999 999999999 29 999999999 27 999999999 90 103 104 76 999999999 999999999 94 100 999999999 999999999 999999999 36 73 51 109 999999999 999999999 31 999999999 2 999999999 80 111 113 97 117 117 999999999 999999999 96 3 115 999999999 999999999 64 32 102 999999999 73 35 66 56 7 35 33 999999999 86 999999999 85 19 53 999999999 999999999 96 83 88 85 96 33 0 7 77 33 999999999 38 40 999999999 999999999 4 999999999 38 120 
999999999 8 44 999999999 999999999 999999999 85 999999999 86 79 62 999999999 40 999999999 36 55 999999999 100 68 43 999999999 58 75 63 72 999999999 97 71 108 57 92 999999999 104 999999999 110 31 999999999 23 999999999 95 999999999 80 999999999 2 119 3 39 70 36 60 27 999999999 95 999999999 1 999999999 63 55 57 104 28 94 116 80 7 104 89 14 103 113 93 999999999 999999999 46 49 86 59 77 48 999999999 55 999999999 110 64 89 31 999999999 999999999 6 30 999999999 89 96 16 74 37 120 63 62 66 51 26 85 64 46 30 46 999999999 0 95 4 36 999999999 1 999999999 18 117 999999999 20 999999999 
9 85 8 104 98 999999999 999999999 57 18 52 36 52 76 120 1 64 23 61 100 25 99 57 67 16 19 87 60 80 96 79 33 118 999999999 999999999 115 95 91 999999999 999999999 61 999999999 55 22 81 999999999 106 106 77 72 999999999 14 999999999 12 51 7 24 25 115 72 91 999999999 95 29 100 999999999 999999999 999999999 16 45 70 51 49 999999999 34 999999999 63 110 999999999 999999999 999999999 33 999999999 99 999999999 12 115 86 9 999999999 999999999 999999999 999999999 106 79 120 13 15 34 91 50 31 20 5 999999999 96 65 999999999 105 62 0 84 40 999999999 999999999 999999999 96 88 999999999 38 48 
58 119 35 999999999 82 24 11 999999999 999999999 17 92 999999999 50 999999999 65 999999999 999999999 999999999 2 82 58 15 999999999 95 999999999 70 999999999 51 999999999 52 76 14 999999999 999999999 7 77 999999999 69 101 7 999999999 26 4 999999999 999999999 999999999 45 999999999 999999999 114 5 77 27 79 2 55 999999999 999999999 75 23 999999999 1 999999999 8 116 13 999999999 119 6 93 35 999999999 72 37 999999999 999999999 999999999 77 31 999999999 87 111 999999999 999999999 74 50 68 2 114 999999999 89 999999999 33 1 54 999999999 999999999 999999999 84 38 4 999999999 12 16 101 999999999 36 60 999999999 999999999 0 59 34 999999999 999999999 12 999999999 71 999999999 999999999 
6 59 107 39 999999999 103 30 63 94 999999999 22 999999999 999999999 67 95 999999999 999999999 11 999999999 999999999 75 14 34 107 96 87 63 29 999999999 50 103 38 999999999 92 11 81 87 1 999999999 3 59 73 18 26 41 101 999999999 16 53 76 35 61 999999999 10 26 999999999 999999999 65 29 78 117 32 80 103 36 999999999 84 999999999 15 999999999 118 91 114 72 999999999 999999999 15 87 113 113 999999999 999999999 22 999999999 999999999 999999999 999999999 80 99 999999999 999999999 63 91 39 73 2 41 113 111 7 999999999 999999999 106 23 7 999999999 19 56 93 999999999 31 0 120 999999999 999999999 33 120 999999999 120 19 
110 999999999 4 64 93 48 24 71 9 10 6 43 99 999999999 5 999999999 999999999 74 118 82 20 84 114 104 999999999 999999999 999999999 31 999999999 61 65 999999999 54 14 108 57 999999999 76 44 82 999999999 15 50 8 999999999 102 113 83 999999999 114 999999999 36 26 26 999999999 4 37 999999999 999999999 48 42 27 999999999 120 55 28 999999999 999999999 78 10 93 96 999999999 17 999999999 7 999999999 999999999 999999999 94 999999999 23 14 5 110 97 112 999999999 81 29 999999999 999999999 101 90 65 999999999 40 98 70 999999999 4 42 999999999 70 120 52 106 44 34 73 11 84 0 7 15 26 999999999 22 47 3 
88 999999999 73 113 95 69 999999999 52 999999999 109 112 105 59 999999999 99 78 63 8 999999999 20 119 95 999999999 86 999999999 17 29 57 9 35 5 88 12 96 51 83 23 41 999999999 57 35 999999999 77 999999999 62 5 65 27 999999999 114 38 12 999999999 2 39 76 999999999 59 32 999999999 39 46 90 999999999 81 999999999 92 104 93 110 999999999 999999999 68 94 73 116 10 47 45 46 31 85 18 999999999 22 80 42 999999999 999999999 999999999 75 85 18 999999999 999999999 5 102 103 999999999 999999999 93 44 80 83 999999999 106 103 1 29 44 82 89 52 0 115 999999999 999999999 999999999 108 6 
26 1 70 36 64 4 59 1 13 999999999 17 51 49 51 58 59 53 65 71 26 999999999 29 999999999 49 91 23 42 999999999 113 999999999 999999999 999999999 74 77 999999999 33 46 75 36 999999999 117 85 4 999999999 999999999 69 102 102 71 49 999999999 41 27 15 999999999 999999999 82 72 78 8 999999999 118 98 999999999 35 74 71 56 75 999999999 15 999999999 19 999999999 105 999999999 9 77 37 999999999 105 999999999 13 110 37 90 44 65 43 39 36 68 41 999999999 80 98 999999999 104 999999999 999999999 69 111 103 1 11 20 82 61 999999999 74 43 19 72 60 0 79 999999999 112 26 31 
72 95 3 999999999 40 999999999 88 114 999999999 79 999999999 103 28 999999999 13 77 22 38 999999999 52 111 3 108 105 56 999999999 72 49 47 54 999999999 114 999999999 65 30 15 30 51 101 16 999999999 999999999 106 999999999 999999999 95 72 25 40 20 39 3 999999999 999999999 120 31 999999999 35 91 61 25 39 999999999 999999999 54 114 74 999999999 40 101 21 104 98 999999999 22 40 89 55 24 999999999 94 999999999 13 108 65 999999999 999999999 14 999999999 84 999999999 999999999 999999999 119 11 999999999 80 26 33 999999999 999999999 101 53 999999999 54 999999999 60 88 999999999 999999999 54 63 999999999 96 999999999 0 117 94 55 31 
102 1 999999999 59 82 86 999999999 35 104 14 37 30 15 999999999 999999999 118 94 103 82 116 43 999999999 999999999 69 33 999999999 15 69 999999999 120 53 999999999 30 999999999 98 22 47 75 8 79 9 64 8 5 999999999 9 93 999999999 999999999 8 18 66 94 1 33 87 67 35 120 24 95 999999999 82 50 12 108 67 67 62 3 999999999 112 84 50 23 89 114 67 999999999 82 34 5 93 8 12 18 999999999 89 62 999999999 999999999 43 999999999 30 999999999 23 30 65 999999999 22 119 999999999 999999999 51 999999999 999999999 16 999999999 999999999 41 8 72 8 999999999 26 24 0 999999999 80 999999999 
999999999 77 120 68 63 112 14 999999999 999999999 11 17 61 60 999999999 69 116 999999999 7 999999999 74 999999999 54 93 999999999 999999999 25 89 102 999999999 25 27 5 999999999 19 29 999999999 42 105 77 40 105 999999999 4 49 14 114 20 999999999 60 999999999 108 49 999999999 66 87 999999999 42 69 999999999 999999999 29 20 999999999 86 42 93 999999999 106 9 74 999999999 75 118 87 37 40 41 67 999999999 9 54 999999999 999999999 999999999 999999999 78 999999999 67 999999999 96 43 33 89 11 999999999 999999999 999999999 86 999999999 110 38 65 999999999 17 94 999999999 999999999 999999999 12 42 33 46 12 36 10 8 91 0 999999999 999999999 
999999999 999999999 999999999 39 28 114 23 7 999999999 7 24 999999999 84 11 69 87 18 22 999999999 63 120 97 999999999 73 999999999 17 100 27 26 119 3 999999999 51 83 73 117 999999999 43 999999999 70 999999999 68 112 111 110 999999999 92 90 110 58 999999999 55 10 64 49 43 999999999 113 74 111 89 108 99 17 999999999 55 999999999 999999999 49 45 999999999 119 110 13 999999999 44 90 7 22 106 999999999 92 999999999 40 100 999999999 8 29 1 64 101 999999999 999999999 81 89 999999999 44 46 999999999 60 119 61 999999999 91 71 110 11 13 999999999 999999999 61 999999999 71 999999999 19 999999999 116 999999999 0 4 
47 999999999 33 33 79 95 999999999 999999999 46 33 35 2 57 37 17 23 84 103 999999999 999999999 9 14 55 999999999 999999999 39 107 76 11 999999999 999999999 52 1 64 25 52 999999999 999999999 999999999 999999999 64 77 83 999999999 3 999999999 102 59 23 2 35 14 27 120 72 78 49 64 104 80 26 999999999 999999999 999999999 22 49 27 999999999 18 70 35 9 999999999 999999999 999999999 7 999999999 25 85 113 74 999999999 106 102 30 28 999999999 28 97 117 999999999 999999999 108 999999999 57 18 999999999 999999999 7 999999999 14 98 82 999999999 999999999 113 76 999999999 30 113 999999999 85 48 999999999 999999999 999999999 27 45 93 0 
