70
0 999999999 999999999 28 999999999 13 34 25 999999999 999999999 26 999999999 4 58 5 21 6 999999999 999999999 51 53 999999999 21 49 41 8 33 999999999 2 48 999999999 17 59 5 51 10 999999999 28 10 34 29 999999999 58 50 27 34 44 43 999999999 999999999 28 59 4 12 999999999 999999999 999999999 999999999 61 59 27 36 999999999 28 45 999999999 999999999 39 999999999 999999999 
64 0 999999999 999999999 35 52 41 29 61 68 39 54 999999999 58 53 999999999 999999999 48 999999999 28 2 39 64 66 29 999999999 30 999999999 999999999 999999999 7 6 54 32 999999999 999999999 44 65 55 999999999 7 31 41 11 47 44 33 46 43 25 999999999 17 999999999 999999999 70 47 999999999 57 32 44 55 49 999999999 999999999 50 62 32 56 49 61 
1 999999999 0 999999999 999999999 999999999 27 68 62 69 3 41 999999999 999999999 61 60 999999999 23 999999999 32 999999999 999999999 999999999 44 56 999999999 999999999 58 17 24 999999999 38 35 999999999 999999999 41 999999999 11 51 56 49 14 37 65 25 999999999 55 5 19 999999999 51 999999999 70 43 999999999 59 999999999 17 999999999 6 27 29 5 999999999 999999999 8 999999999 68 35 51 
63 999999999 38 0 999999999 55 2 25 46 999999999 44 51 16 2 999999999 49 17 999999999 999999999 999999999 39 1 17 58 61 57 61 62 15 43 999999999 34 999999999 50 11 67 46 999999999 67 27 66 999999999 14 999999999 4 57 56 13 70 8 999999999 52 999999999 55 999999999 14 999999999 999999999 999999999 19 52 20 999999999 33 999999999 46 43 29 30 25 
44 58 999999999 46 0 45 999999999 34 40 52 999999999 12 999999999 35 48 5 59 14 999999999 59 32 3 999999999 22 57 11 20 999999999 999999999 56 31 68 50 38 999999999 19 26 56 24 7 47 12 44 61 45 10 31 48 31 30 68 42 3 56 10 64 9 32 34 12 34 9 999999999 2 39 999999999 999999999 999999999 28 43 
54 62 20 53 3 0 999999999 999999999 22 999999999 64 999999999 59 7 999999999 10 13 64 61 34 999999999 15 68 40 19 39 51 999999999 999999999 3 52 19 999999999 13 34 65 999999999 53 58 50 62 999999999 999999999 25 999999999 46 38 23 34 12 11 14 30 22 1 999999999 64 65 9 999999999 999999999 999999999 65 44 40 62 11 46 38 64 
3 999999999 31 7 999999999 48 0 64 24 999999999 2 40 70 3 999999999 20 12 46 53 49 46 999999999 999999999 999999999 60 12 67 48 999999999 55 67 51 24 999999999 30 31 999999999 43 999999999 999999999 49 15 14 999999999 999999999 999999999 25 999999999 52 67 7 999999999 11 49 999999999 999999999 999999999 11 66 999999999 999999999 41 50 66 52 27 68 20 57 50 
29 50 999999999 62 37 37 34 0 42 999999999 3 59 999999999 27 999999999 48 11 62 49 7 999999999 3 29 37 26 999999999 65 999999999 50 3 56 999999999 2 999999999 999999999 16 999999999 52 31 24 999999999 34 999999999 999999999 1 999999999 2 38 43 35 49 999999999 46 59 53 15 999999999 999999999 43 69 26 999999999 32 999999999 36 56 24 26 999999999 999999999 
35 25 19 35 999999999 59 43 61 0 28 64 53 999999999 43 999999999 59 9 55 999999999 66 999999999 30 4 999999999 26 999999999 18 39 999999999 999999999 23 999999999 69 1 45 15 14 36 14 60 35 999999999 45 62 999999999 70 15 41 999999999 62 10 50 65 25 999999999 33 58 44 67 999999999 70 56 999999999 999999999 14 43 59 45 55 39 
1 9 20 26 999999999 999999999 62 46 13 0 999999999 999999999 999999999 999999999 42 999999999 999999999 43 50 62 999999999 43 999999999 57 8 999999999 65 999999999 66 41 61 999999999 999999999 999999999 999999999 22 33 45 20 9 999999999 999999999 17 48 999999999 14 999999999 37 59 999999999 2 70 999999999 64 15 999999999 999999999 999999999 999999999 18 16 999999999 46 42 999999999 999999999 8 41 41 31 
53 58 999999999 69 999999999 15 4 49 999999999 18 0 36 64 29 46 18 31 999999999 999999999 11 44 55 32 999999999 999999999 48 45 999999999 999999999 4 10 68 999999999 999999999 32 27 42 23 999999999 999999999 24 8 999999999 10 63 29 12 999999999 6 9 15 27 14 999999999 23 2 2 26 50 22 26 999999999 15 999999999 20 3 999999999 49 8 35 
32 999999999 67 16 54 22 68 70 999999999 28 999999999 0 54 21 11 45 48 35 999999999 999999999 999999999 42 999999999 999999999 31 9 13 999999999 32 63 17 24 26 23 35 2 999999999 46 24 999999999 64 66 4 20 999999999 29 999999999 22 60 44 44 44 999999999 7 999999999 28 999999999 25 62 36 50 49 999999999 999999999 62 24 999999999 14 999999999 38 
999999999 27 24 60 47 999999999 44 34 67 5 48 36 0 999999999 16 29 56 8 19 999999999 999999999 64 999999999 41 34 999999999 64 999999999 999999999 2 999999999 14 999999999 30 999999999 20 999999999 6 999999999 57 999999999 61 3 21 54 29 42 19 8 33 39 18 999999999 35 53 65 38 12 69 12 43 3 44 52 999999999 47 40 24 54 2 
58 999999999 999999999 46 8 25 32 999999999 16 999999999 999999999 16 999999999 0 999999999 999999999 64 24 36 999999999 999999999 47 48 24 7 12 39 999999999 54 9 999999999 53 17 999999999 41 57 999999999 1 999999999 7 18 70 69 62 999999999 999999999 62 42 22 37 42 13 999999999 999999999 8 65 41 27 999999999 67 43 68 66 58 999999999 39 9 999999999 34 14 
999999999 999999999 12 58 999999999 30 8 999999999 51 21 999999999 999999999 38 55 0 59 8 62 24 999999999 4 16 999999999 999999999 25 33 66 999999999 55 27 21 999999999 999999999 55 29 7 999999999 999999999 40 21 5 20 16 11 37 42 999999999 58 38 8 54 18 4 999999999 56 999999999 999999999 22 14 999999999 16 34 42 16 999999999 41 8 35 12 41 
44 4 9 39 999999999 52 999999999 39 63 33 14 4 999999999 58 999999999 0 54 68 56 64 65 40 999999999 9 21 999999999 999999999 27 999999999 15 53 999999999 62 25 65 67 4 6 52 63 68 999999999 3 999999999 18 56 999999999 5 999999999 999999999 35 18 41 28 48 999999999 999999999 55 999999999 999999999 2 999999999 38 36 27 50 57 9 999999999 23 
65 999999999 26 55 999999999 37 47 24 63 11 13 39 2 15 21 999999999 0 999999999 12 999999999 15 34 11 999999999 999999999 60 31 7 2 23 53 56 10 69 21 999999999 46 999999999 42 38 53 66 45 58 14 38 999999999 36 999999999 999999999 54 53 11 999999999 51 63 15 36 999999999 65 999999999 13 7 999999999 51 30 40 56 50 10 
40 50 17 999999999 999999999 999999999 63 999999999 999999999 25 17 999999999 999999999 59 8 999999999 60 0 9 999999999 30 30 999999999 44 999999999 36 999999999 999999999 22 25 999999999 999999999 999999999 31 43 5 22 44 15 49 19 999999999 24 999999999 999999999 21 18 19 26 24 999999999 999999999 12 40 34 69 37 15 16 55 999999999 15 32 65 999999999 999999999 999999999 29 999999999 62 
13 4 999999999 33 999999999 999999999 11 999999999 55 999999999 999999999 999999999 37 999999999 999999999 48 36 13 0 66 42 19 41 22 69 999999999 33 39 27 26 28 22 42 41 13 63 999999999 999999999 25 30 999999999 27 999999999 22 3 24 28 28 999999999 999999999 999999999 24 12 34 5 3 999999999 999999999 32 999999999 19 15 999999999 999999999 67 70 999999999 41 52 999999999 
999999999 999999999 3 7 999999999 999999999 59 10 49 999999999 59 33 999999999 999999999 999999999 11 25 31 33 0 63 999999999 29 37 999999999 21 15 46 999999999 10 999999999 23 36 36 999999999 999999999 57 999999999 999999999 11 18 999999999 13 69 17 67 66 60 48 999999999 8 37 25 60 1 25 34 999999999 999999999 7 20 29 48 999999999 34 54 16 999999999 63 999999999 
67 12 999999999 45 53 1 999999999 15 64 10 61 999999999 44 12 1 65 25 24 999999999 16 0 999999999 37 7 14 68 45 30 39 54 68 999999999 16 999999999 3 38 12 30 12 6 33 9 5 999999999 999999999 999999999 51 31 52 6 36 999999999 55 62 999999999 67 14 38 65 999999999 23 11 55 999999999 2 999999999 9 61 67 34 
6 999999999 55 999999999 999999999 999999999 69 999999999 67 31 67 68 999999999 49 6 26 55 999999999 40 57 11 0 4 47 999999999 999999999 65 999999999 2 13 22 999999999 60 999999999 65 68 999999999 16 66 26 69 10 14 999999999 999999999 62 35 999999999 57 999999999 4 64 999999999 999999999 64 31 45 5 70 999999999 48 999999999 999999999 999999999 53 999999999 65 15 13 999999999 
16 999999999 999999999 17 999999999 15 39 16 20 25 999999999 28 999999999 49 27 999999999 999999999 60 22 9 999999999 999999999 0 15 999999999 10 999999999 14 42 999999999 11 999999999 999999999 999999999 15 27 40 999999999 999999999 22 23 44 999999999 999999999 999999999 27 12 61 15 44 23 51 26 19 37 999999999 999999999 44 18 999999999 999999999 29 999999999 49 44 68 66 999999999 33 999999999 
58 54 54 23 999999999 31 65 25 27 999999999 55 46 8 10 999999999 54 7 24 20 999999999 61 20 57 0 999999999 999999999 40 999999999 57 999999999 25 40 56 19 39 999999999 45 38 30 56 68 19 9 999999999 999999999 66 48 999999999 36 63 18 23 36 27 999999999 25 999999999 48 999999999 29 6 999999999 999999999 54 16 35 24 62 6 999999999 
11 999999999 10 27 999999999 999999999 999999999 999999999 63 61 999999999 68 21 1 27 999999999 60 999999999 999999999 999999999 15 999999999 50 7 0 999999999 999999999 999999999 50 31 52 36 999999999 55 999999999 34 1 58 18 43 58 9 26 55 38 999999999 22 31 35 51 21 59 10 56 40 34 999999999 6 65 999999999 999999999 999999999 5 999999999 9 999999999 27 38 999999999 45 
34 58 11 15 50 999999999 999999999 33 999999999 999999999 28 27 999999999 999999999 999999999 11 24 999999999 68 999999999 999999999 999999999 10 30 63 0 25 10 44 55 44 999999999 999999999 13 30 58 999999999 65 54 999999999 44 56 24 999999999 999999999 23 33 49 31 999999999 69 66 1 67 4 33 25 16 999999999 66 20 69 999999999 7 999999999 999999999 47 13 11 25 
999999999 57 999999999 5 999999999 999999999 27 999999999 6 999999999 57 57 64 999999999 24 24 999999999 70 18 16 32 18 56 55 50 999999999 0 56 62 33 1 999999999 68 13 999999999 999999999 40 999999999 15 64 36 3 999999999 4 999999999 999999999 56 999999999 999999999 48 69 999999999 49 62 31 18 14 36 7 47 61 999999999 999999999 69 47 999999999 999999999 15 999999999 2 
999999999 47 999999999 999999999 63 15 12 999999999 17 68 12 28 999999999 999999999 1 5 3 999999999 64 37 18 19 23 63 999999999 70 999999999 0 999999999 36 22 4 52 59 1 39 33 26 999999999 999999999 44 40 999999999 999999999 11 999999999 999999999 64 15 999999999 32 60 63 999999999 8 43 999999999 8 39 16 999999999 7 999999999 37 30 999999999 47 999999999 70 68 
42 45 999999999 64 51 999999999 18 999999999 999999999 22 999999999 999999999 999999999 999999999 36 999999999 999999999 27 12 50 44 58 999999999 999999999 28 36 31 999999999 0 52 55 999999999 19 59 999999999 8 64 999999999 40 14 16 10 999999999 16 999999999 45 66 65 68 999999999 999999999 21 28 21 39 999999999 999999999 999999999 22 3 2 26 19 8 37 999999999 10 42 13 999999999 
24 53 999999999 26 999999999 48 32 41 6 18 999999999 999999999 17 20 11 29 999999999 58 48 999999999 999999999 64 999999999 13 62 23 999999999 48 62 0 61 10 999999999 38 60 4 48 999999999 999999999 50 41 999999999 6 46 999999999 32 11 57 30 8 999999999 61 32 999999999 8 34 51 47 54 999999999 999999999 999999999 46 21 29 22 999999999 999999999 15 15 
57 57 999999999 999999999 999999999 999999999 999999999 37 999999999 999999999 21 66 58 21 30 20 6 30 54 19 19 60 999999999 999999999 55 5 999999999 21 999999999 18 0 50 64 10 999999999 17 21 11 62 1 49 999999999 50 29 58 60 11 17 999999999 59 999999999 12 57 55 27 15 999999999 38 25 65 1 34 999999999 999999999 54 999999999 56 65 8 48 
999999999 63 999999999 15 48 999999999 8 11 999999999 999999999 2 999999999 16 42 33 999999999 999999999 999999999 999999999 1 999999999 48 49 68 47 2 68 5 56 56 58 0 57 64 33 64 55 69 999999999 18 999999999 999999999 23 9 46 999999999 39 999999999 21 26 999999999 52 1 999999999 19 6 999999999 53 999999999 32 999999999 51 999999999 41 63 56 999999999 66 29 6 
59 9 60 999999999 39 34 999999999 999999999 45 999999999 31 999999999 69 999999999 32 22 57 999999999 13 31 999999999 7 999999999 60 40 3 999999999 70 58 999999999 999999999 2 0 16 11 39 43 20 62 999999999 999999999 31 999999999 999999999 37 53 45 999999999 999999999 6 999999999 999999999 61 15 999999999 23 24 46 41 32 8 999999999 999999999 999999999 999999999 49 3 999999999 64 59 
2 35 12 34 999999999 34 19 60 21 17 55 999999999 999999999 38 32 65 8 55 40 999999999 52 12 61 29 21 999999999 999999999 999999999 50 2 47 8 22 0 57 44 1 30 44 22 999999999 56 39 56 68 32 15 54 999999999 999999999 999999999 59 47 54 48 999999999 8 51 68 6 4 55 12 999999999 999999999 50 999999999 43 43 24 
54 44 999999999 4 999999999 48 51 20 999999999 999999999 999999999 1 999999999 66 48 7 37 52 29 61 999999999 51 999999999 16 999999999 29 63 4 999999999 26 16 40 999999999 999999999 0 39 35 49 33 999999999 29 50 11 4 4 51 39 60 13 999999999 999999999 58 32 999999999 47 1 33 67 62 15 20 21 999999999 999999999 27 27 5 70 27 51 
37 999999999 44 999999999 65 67 70 53 51 48 999999999 999999999 12 999999999 999999999 999999999 11 999999999 999999999 64 999999999 33 13 999999999 13 999999999 58 19 43 56 41 999999999 999999999 13 29 0 999999999 38 999999999 32 44 999999999 25 42 999999999 61 999999999 999999999 34 16 999999999 999999999 3 26 9 1 999999999 30 5 14 26 70 999999999 999999999 25 49 28 999999999 999999999 999999999 
17 27 1 999999999 60 40 24 50 16 999999999 43 29 999999999 46 64 37 999999999 43 999999999 999999999 999999999 69 999999999 999999999 51 999999999 999999999 62 37 999999999 27 999999999 999999999 999999999 17 999999999 0 4 10 50 999999999 28 5 37 56 999999999 999999999 38 70 999999999 999999999 20 36 1 15 12 1 999999999 27 43 36 999999999 7 999999999 999999999 3 999999999 47 43 40 
30 999999999 999999999 57 60 27 39 41 999999999 16 37 55 3 29 10 999999999 15 37 28 20 999999999 48 8 50 43 51 48 46 58 4 3 999999999 46 26 64 35 69 0 21 52 55 54 999999999 999999999 4 44 999999999 68 2 999999999 17 27 999999999 48 12 45 8 27 999999999 24 60 39 19 60 999999999 999999999 999999999 2 44 999999999 
999999999 8 33 999999999 18 42 8 13 999999999 44 999999999 10 64 999999999 23 39 54 999999999 17 45 54 38 32 46 999999999 70 36 999999999 37 55 999999999 54 999999999 54 999999999 28 999999999 42 0 19 999999999 47 26 999999999 17 15 55 999999999 11 999999999 8 8 999999999 999999999 40 43 66 59 23 999999999 999999999 11 999999999 999999999 16 42 19 999999999 5 57 
53 48 51 999999999 999999999 53 999999999 7 61 999999999 999999999 38 69 999999999 38 999999999 999999999 69 2 24 19 15 2 29 33 1 38 2 24 35 999999999 9 999999999 9 61 15 12 34 999999999 0 57 56 52 999999999 2 2 999999999 46 69 67 58 999999999 999999999 63 9 59 55 35 999999999 999999999 4 54 999999999 55 999999999 999999999 999999999 999999999 70 999999999 
40 49 999999999 16 66 62 32 42 999999999 1 34 29 18 56 29 57 999999999 8 32 999999999 999999999 28 999999999 56 999999999 999999999 56 999999999 999999999 67 24 26 999999999 59 33 17 21 13 5 24 0 69 27 6 34 999999999 33 999999999 999999999 999999999 70 37 999999999 999999999 999999999 34 49 39 999999999 20 999999999 999999999 36 38 14 999999999 39 999999999 61 999999999 
38 22 42 5 42 10 999999999 10 999999999 14 6 14 999999999 6 7 30 999999999 37 999999999 57 999999999 999999999 62 17 60 7 53 999999999 19 58 999999999 24 59 9 63 59 26 44 25 27 26 0 999999999 999999999 6 4 70 55 33 36 50 999999999 14 70 67 51 999999999 36 55 999999999 23 54 58 39 13 59 999999999 999999999 37 51 
55 999999999 69 999999999 25 999999999 60 29 20 61 65 39 7 32 36 34 44 999999999 999999999 30 64 70 63 10 19 32 61 4 999999999 999999999 999999999 36 47 999999999 60 44 47 44 999999999 5 49 999999999 0 67 24 58 999999999 39 29 999999999 1 35 31 999999999 54 39 999999999 19 67 63 44 999999999 70 999999999 23 46 13 24 999999999 27 
23 21 999999999 999999999 999999999 37 40 999999999 999999999 66 56 5 48 17 20 65 999999999 999999999 999999999 9 25 999999999 57 51 53 52 999999999 999999999 999999999 999999999 7 18 999999999 26 57 26 40 42 66 999999999 35 999999999 999999999 0 999999999 60 64 43 31 62 999999999 23 32 999999999 999999999 51 30 34 999999999 999999999 999999999 15 57 32 33 34 21 61 31 65 
68 53 14 32 38 55 58 999999999 14 999999999 999999999 62 54 55 26 999999999 46 40 18 38 2 999999999 19 58 35 65 999999999 999999999 34 60 33 41 999999999 999999999 28 999999999 999999999 999999999 999999999 45 1 15 33 36 0 43 32 999999999 999999999 47 40 43 5 34 38 40 999999999 15 33 999999999 40 12 24 8 999999999 47 999999999 999999999 22 41 
58 999999999 50 24 999999999 36 53 999999999 33 36 5 999999999 32 999999999 999999999 65 999999999 20 999999999 999999999 999999999 27 33 999999999 44 999999999 17 999999999 46 50 36 57 999999999 42 33 45 999999999 999999999 54 63 55 999999999 51 999999999 15 0 15 999999999 37 999999999 70 37 999999999 6 4 999999999 52 37 52 999999999 56 23 999999999 45 45 56 57 55 51 58 
999999999 65 999999999 45 42 50 58 65 1 999999999 17 999999999 999999999 57 999999999 999999999 999999999 32 8 23 999999999 9 62 999999999 39 55 35 64 999999999 24 38 21 999999999 28 30 38 40 5 37 31 66 43 55 999999999 18 36 0 62 29 50 65 8 18 57 999999999 999999999 47 999999999 999999999 48 62 48 13 28 32 54 999999999 60 999999999 37 
35 21 60 65 999999999 41 999999999 59 999999999 24 69 49 62 70 47 47 5 999999999 8 19 12 29 15 17 37 55 999999999 21 9 999999999 1 20 22 999999999 65 42 48 15 47 8 14 999999999 62 999999999 7 29 34 0 34 64 28 69 5 999999999 52 63 999999999 999999999 26 49 29 999999999 999999999 20 15 18 29 11 24 70 
59 50 999999999 68 999999999 999999999 2 999999999 18 18 42 5 51 999999999 60 999999999 999999999 34 999999999 37 13 37 33 999999999 999999999 999999999 999999999 999999999 64 49 999999999 39 48 33 999999999 41 58 999999999 29 999999999 18 13 34 999999999 13 999999999 28 32 0 999999999 41 15 999999999 999999999 52 55 39 33 44 20 67 37 8 30 999999999 4 1 2 25 61 
24 999999999 12 999999999 58 54 25 51 67 999999999 33 46 40 53 66 46 47 68 6 29 6 47 5 999999999 999999999 25 36 11 10 32 52 11 52 53 40 53 999999999 48 27 999999999 34 68 46 39 14 49 999999999 999999999 37 0 999999999 999999999 2 999999999 26 52 999999999 15 34 25 29 36 33 999999999 999999999 999999999 21 2 42 6 
2 999999999 42 13 68 58 60 999999999 999999999 17 999999999 65 59 23 38 62 999999999 28 48 999999999 999999999 999999999 999999999 63 8 9 40 64 39 999999999 15 18 24 999999999 37 17 999999999 42 999999999 999999999 999999999 27 999999999 42 55 51 51 999999999 4 61 0 999999999 28 14 64 12 29 5 17 29 65 999999999 5 999999999 27 46 60 52 64 999999999 
64 44 22 21 999999999 999999999 40 37 999999999 59 999999999 999999999 999999999 999999999 999999999 45 999999999 999999999 63 60 29 999999999 11 46 23 53 37 1 999999999 9 999999999 40 56 999999999 70 18 999999999 17 67 51 25 51 1 32 999999999 68 62 999999999 999999999 57 35 0 999999999 34 46 63 66 999999999 17 12 18 999999999 999999999 999999999 999999999 25 38 16 11 999999999 
999999999 52 39 53 17 999999999 18 17 38 999999999 1 999999999 63 999999999 999999999 17 65 999999999 47 53 999999999 24 999999999 62 999999999 67 66 29 17 37 6 57 44 44 19 57 999999999 999999999 68 12 999999999 42 4 23 999999999 12 15 68 10 999999999 54 999999999 0 49 9 41 999999999 67 16 70 999999999 38 39 12 999999999 23 62 8 34 37 
999999999 14 999999999 45 54 29 38 999999999 64 17 999999999 23 48 14 17 44 54 999999999 999999999 35 999999999 2 3 999999999 11 41 999999999 59 999999999 999999999 40 999999999 999999999 999999999 39 35 31 37 12 999999999 66 44 31 67 999999999 27 38 24 13 999999999 8 999999999 11 0 999999999 17 69 54 999999999 28 15 4 48 999999999 38 14 32 28 63 65 
999999999 28 15 65 56 999999999 7 9 41 999999999 63 33 999999999 41 999999999 999999999 999999999 15 49 53 999999999 18 999999999 43 18 70 32 46 8 9 66 999999999 999999999 18 1 39 55 59 36 57 21 999999999 42 999999999 18 56 999999999 24 54 999999999 5 18 67 3 0 23 999999999 999999999 63 999999999 3 50 999999999 57 38 65 48 8 51 13 
41 21 33 999999999 40 18 39 999999999 61 57 21 59 999999999 63 22 999999999 11 45 999999999 999999999 17 999999999 51 24 61 999999999 999999999 23 68 40 2 999999999 13 53 49 999999999 17 17 999999999 999999999 999999999 59 999999999 999999999 44 21 49 59 37 13 999999999 999999999 27 55 69 0 59 17 65 999999999 67 8 18 10 53 3 17 999999999 36 54 
69 29 999999999 11 68 4 65 67 49 9 999999999 20 56 38 67 16 999999999 39 46 3 64 19 999999999 47 60 999999999 22 999999999 25 44 29 5 25 58 39 39 999999999 19 46 34 999999999 18 54 999999999 69 54 60 28 23 64 29 12 9 49 9 69 0 8 67 999999999 29 6 999999999 30 10 27 999999999 54 59 999999999 
46 999999999 10 48 23 59 55 999999999 54 48 43 999999999 999999999 32 26 60 67 999999999 999999999 34 40 27 60 6 999999999 999999999 45 17 18 5 56 999999999 999999999 999999999 42 999999999 36 19 5 999999999 999999999 999999999 999999999 35 49 6 58 999999999 65 69 64 10 40 16 22 11 999999999 0 47 26 13 63 51 23 53 43 43 29 999999999 999999999 
67 12 25 38 4 15 31 39 35 999999999 47 26 999999999 41 25 15 10 63 999999999 22 67 26 30 67 54 46 69 999999999 999999999 70 49 16 999999999 999999999 999999999 54 7 12 8 999999999 32 17 8 61 8 62 999999999 999999999 65 999999999 31 64 999999999 28 999999999 38 67 28 0 68 61 999999999 999999999 999999999 42 52 37 53 19 22 
54 45 999999999 41 34 40 4 25 21 66 52 999999999 20 25 39 58 56 54 8 39 58 999999999 999999999 21 38 38 69 22 69 41 55 3 999999999 999999999 69 49 41 20 3 999999999 19 999999999 30 66 41 999999999 13 999999999 53 999999999 45 1 20 39 53 62 5 3 999999999 0 32 999999999 9 40 56 24 999999999 40 51 21 
999999999 60 48 3 999999999 999999999 54 61 34 999999999 25 999999999 999999999 14 48 69 999999999 999999999 48 30 31 999999999 39 16 22 49 18 23 2 59 53 999999999 999999999 21 14 62 49 43 999999999 10 17 25 9 999999999 999999999 26 999999999 999999999 15 45 63 26 25 16 3 999999999 999999999 999999999 999999999 30 0 999999999 63 50 999999999 21 10 57 63 33 
4 37 22 60 67 16 999999999 46 999999999 57 33 52 31 29 999999999 69 54 999999999 999999999 21 999999999 999999999 54 7 27 28 69 6 17 17 999999999 999999999 35 63 33 999999999 8 9 61 60 41 27 999999999 999999999 26 24 23 999999999 999999999 999999999 999999999 35 46 3 55 61 58 24 18 36 33 0 999999999 39 12 48 15 38 999999999 23 
30 69 67 47 23 2 38 999999999 12 35 10 9 9 41 10 50 22 33 30 999999999 999999999 26 22 41 67 32 999999999 56 21 54 65 59 22 67 14 6 13 7 999999999 22 20 48 20 30 43 999999999 36 48 999999999 59 62 30 999999999 24 999999999 999999999 999999999 56 21 9 999999999 999999999 0 999999999 25 19 48 24 21 18 
51 22 20 52 49 67 69 999999999 999999999 35 35 999999999 999999999 61 62 62 27 38 21 29 999999999 27 999999999 14 999999999 16 999999999 999999999 999999999 70 29 47 12 14 22 999999999 34 999999999 33 3 10 999999999 3 50 999999999 23 999999999 51 8 65 999999999 18 14 999999999 33 999999999 42 999999999 999999999 7 11 32 28 0 19 999999999 999999999 999999999 60 40 
2 999999999 999999999 10 10 999999999 57 12 57 19 66 999999999 12 48 999999999 11 999999999 29 24 11 32 11 43 8 999999999 999999999 32 4 8 999999999 46 67 999999999 62 4 39 2 6 11 999999999 40 999999999 52 11 4 5 21 6 4 999999999 62 999999999 999999999 1 68 54 999999999 33 61 2 999999999 999999999 38 37 0 60 9 5 999999999 67 
999999999 15 50 43 60 33 45 50 999999999 40 9 35 999999999 6 67 67 999999999 12 23 44 37 36 47 19 999999999 24 49 999999999 999999999 63 999999999 999999999 13 68 58 58 15 60 999999999 999999999 38 41 1 11 31 6 999999999 999999999 34 22 46 64 999999999 33 27 999999999 20 10 50 42 999999999 38 999999999 10 22 0 999999999 33 11 999999999 
38 999999999 999999999 56 999999999 25 999999999 51 17 999999999 54 15 22 16 999999999 3 62 47 53 23 3 51 8 36 27 13 57 999999999 28 5 999999999 999999999 29 29 999999999 31 58 67 33 49 5 50 70 7 64 7 999999999 49 27 27 9 999999999 999999999 26 51 999999999 45 48 16 42 12 33 999999999 66 70 999999999 0 46 36 49 
999999999 17 16 19 24 999999999 999999999 29 999999999 50 3 43 22 54 999999999 21 999999999 33 50 38 56 999999999 48 26 999999999 63 999999999 999999999 42 10 19 999999999 13 999999999 999999999 26 39 24 999999999 31 61 58 999999999 67 67 10 999999999 30 999999999 51 17 30 999999999 47 15 44 999999999 52 55 64 24 999999999 999999999 999999999 999999999 65 51 0 66 999999999 
61 999999999 999999999 56 57 16 32 38 23 12 2 8 999999999 999999999 2 7 999999999 999999999 999999999 55 1 999999999 58 16 999999999 46 14 25 999999999 42 21 12 28 999999999 35 999999999 32 16 4 56 38 999999999 29 43 29 999999999 39 45 63 999999999 30 999999999 49 14 43 68 6 12 999999999 66 31 16 28 38 999999999 47 34 66 0 999999999 
999999999 999999999 999999999 29 999999999 55 18 52 70 65 999999999 35 43 4 999999999 6 999999999 23 68 12 13 22 999999999 15 44 56 999999999 42 65 26 33 999999999 62 60 69 36 999999999 5 999999999 33 55 999999999 5 8 15 29 8 37 999999999 50 46 50 28 38 22 999999999 999999999 65 61 69 999999999 7 27 61 59 11 56 999999999 40 0 
