50
0 23 999999999 40 999999999 999999999 27 8 999999999 39 41 31 999999999 23 24 8 40 23 999999999 18 21 999999999 29 16 28 39 1 50 43 999999999 23 34 31 39 31 17 999999999 39 45 999999999 5 999999999 49 37 999999999 999999999 10 20 999999999 36 
999999999 0 50 18 44 47 25 42 10 18 40 16 33 999999999 999999999 28 999999999 999999999 11 999999999 1 999999999 30 48 6 999999999 999999999 36 46 47 999999999 33 999999999 50 40 39 999999999 10 23 20 2 999999999 41 39 11 50 16 41 999999999 999999999 
50 23 0 999999999 5 3 45 35 40 17 999999999 36 24 3 46 50 5 36 3 999999999 6 21 999999999 999999999 9 999999999 4 45 50 999999999 17 999999999 7 22 999999999 999999999 22 42 999999999 40 10 32 12 36 999999999 33 999999999 30 999999999 999999999 
27 7 32 0 24 999999999 7 999999999 12 999999999 12 43 49 43 37 23 24 999999999 30 999999999 999999999 999999999 999999999 45 7 7 25 10 46 17 31 21 22 50 999999999 46 999999999 14 50 999999999 999999999 10 37 20 5 38 9 22 38 26 
45 999999999 999999999 999999999 0 30 45 30 999999999 22 38 31 8 38 999999999 47 40 999999999 999999999 11 18 3 38 999999999 999999999 34 999999999 38 999999999 8 20 20 999999999 41 999999999 21 36 41 25 40 9 27 11 25 5 999999999 999999999 6 999999999 11 
16 35 999999999 6 41 0 38 999999999 12 41 999999999 999999999 999999999 27 10 42 26 49 3 26 999999999 999999999 9 10 999999999 999999999 25 16 999999999 49 2 999999999 26 999999999 15 15 43 999999999 999999999 46 39 33 999999999 33 30 3 27 23 5 8 
999999999 47 43 28 45 18 0 35 30 999999999 9 999999999 999999999 15 20 18 999999999 29 34 36 49 7 999999999 5 10 5 5 44 23 50 37 16 14 43 28 30 47 43 6 999999999 999999999 16 42 17 36 29 39 49 999999999 14 
999999999 17 18 3 999999999 31 30 0 9 999999999 39 21 999999999 999999999 20 999999999 999999999 33 29 29 43 29 27 36 17 999999999 999999999 23 12 44 999999999 10 999999999 999999999 21 11 31 35 999999999 28 999999999 999999999 42 13 45 37 25 25 999999999 999999999 
50 34 24 999999999 999999999 6 31 30 0 24 999999999 999999999 20 999999999 13 6 13 7 7 4 999999999 7 999999999 32 47 36 999999999 36 11 33 999999999 30 999999999 10 38 999999999 44 999999999 999999999 29 40 42 7 40 999999999 7 48 40 999999999 9 
999999999 47 999999999 999999999 34 999999999 999999999 999999999 47 0 50 49 38 999999999 27 999999999 999999999 999999999 22 6 999999999 999999999 999999999 7 7 1 34 999999999 41 999999999 46 2 23 999999999 2 999999999 999999999 18 46 999999999 25 999999999 28 44 23 19 21 1 32 38 
27 999999999 999999999 999999999 999999999 33 26 37 3 48 0 41 25 999999999 22 999999999 22 49 12 31 25 999999999 30 50 42 999999999 10 999999999 39 35 999999999 999999999 48 30 999999999 33 43 18 12 32 11 28 26 50 999999999 999999999 999999999 49 46 999999999 
999999999 1 26 3 49 7 999999999 29 999999999 999999999 33 0 999999999 41 29 999999999 14 3 36 45 999999999 999999999 999999999 999999999 999999999 38 18 18 33 999999999 19 41 41 31 30 44 40 48 3 27 999999999 43 999999999 999999999 7 26 11 999999999 24 7 
45 14 9 23 41 21 13 3 48 33 1 999999999 0 43 999999999 21 38 45 46 999999999 999999999 18 999999999 21 6 50 15 999999999 44 999999999 43 15 999999999 999999999 30 47 5 12 28 26 11 999999999 999999999 999999999 48 45 999999999 999999999 37 26 
17 5 999999999 17 2 999999999 2 1 999999999 999999999 999999999 38 5 0 999999999 999999999 48 16 49 27 7 999999999 48 999999999 999999999 31 37 1 37 13 50 12 3 26 16 999999999 16 27 999999999 38 17 38 2 49 999999999 29 46 30 33 37 
21 999999999 26 999999999 9 25 999999999 20 38 999999999 14 9 999999999 45 0 999999999 999999999 17 38 999999999 28 999999999 43 9 31 49 999999999 31 31 999999999 4 999999999 999999999 4 22 39 9 49 999999999 999999999 999999999 12 9 6 46 999999999 999999999 6 26 44 
999999999 9 4 999999999 999999999 30 42 29 999999999 999999999 999999999 25 999999999 33 20 0 999999999 30 40 30 48 999999999 32 48 33 32 2 999999999 999999999 999999999 39 999999999 42 2 22 5 41 39 30 999999999 39 20 27 39 29 999999999 11 20 999999999 999999999 
32 35 999999999 31 45 8 22 19 40 6 35 5 24 50 999999999 14 0 49 50 38 22 999999999 35 999999999 2 8 999999999 40 17 999999999 34 26 42 5 9 999999999 999999999 29 17 19 23 25 2 999999999 46 47 5 7 31 23 
5 45 7 8 20 43 26 999999999 1 20 12 24 999999999 999999999 27 23 999999999 0 25 999999999 27 30 44 999999999 26 49 19 43 999999999 999999999 2 1 37 39 8 46 26 999999999 999999999 14 30 7 18 999999999 32 44 999999999 48 17 40 
28 999999999 12 29 1 999999999 999999999 5 17 27 999999999 999999999 999999999 35 999999999 999999999 999999999 999999999 0 26 18 40 999999999 999999999 999999999 999999999 3 6 999999999 999999999 38 23 14 16 39 30 25 999999999 10 24 13 3 45 999999999 18 999999999 999999999 999999999 29 40 
999999999 41 47 16 44 43 35 13 999999999 4 999999999 25 999999999 28 4 36 999999999 31 999999999 0 999999999 999999999 21 28 999999999 24 41 24 22 39 30 48 13 23 1 999999999 35 999999999 35 35 44 32 32 999999999 50 3 15 32 24 999999999 
17 17 13 999999999 19 20 999999999 23 6 999999999 999999999 22 10 19 36 36 999999999 48 11 3 0 2 3 14 47 47 999999999 30 35 43 999999999 35 999999999 21 19 14 2 22 22 10 39 42 20 999999999 999999999 9 999999999 36 40 45 
7 999999999 999999999 999999999 13 999999999 4 4 33 999999999 25 32 15 999999999 17 20 42 8 999999999 33 26 0 28 28 19 999999999 43 33 999999999 49 37 999999999 999999999 41 19 45 999999999 43 9 999999999 999999999 999999999 44 3 40 10 999999999 24 999999999 999999999 
4 999999999 27 19 19 46 8 2 22 24 43 999999999 999999999 34 5 999999999 14 19 12 999999999 3 4 0 41 5 47 11 2 26 999999999 21 43 40 24 13 999999999 999999999 28 28 999999999 999999999 2 5 999999999 31 7 41 999999999 46 18 
999999999 6 999999999 999999999 29 11 999999999 11 6 15 999999999 45 999999999 999999999 40 999999999 36 999999999 999999999 999999999 2 999999999 999999999 0 22 12 36 999999999 999999999 49 32 33 25 37 47 16 35 43 48 999999999 2 999999999 999999999 999999999 15 999999999 999999999 8 999999999 29 
999999999 39 7 44 999999999 999999999 18 999999999 999999999 999999999 14 8 999999999 30 43 32 999999999 999999999 35 10 36 2 24 3 0 10 999999999 13 4 44 999999999 19 37 33 10 1 999999999 999999999 44 999999999 9 5 18 40 31 2 3 3 21 21 
16 11 999999999 19 50 8 5 38 999999999 16 999999999 12 5 999999999 13 999999999 2 9 999999999 4 999999999 12 999999999 10 39 0 34 999999999 27 999999999 7 999999999 17 999999999 999999999 30 9 999999999 12 999999999 38 999999999 38 38 21 30 22 15 14 11 
999999999 10 999999999 30 14 999999999 999999999 36 16 25 999999999 16 39 29 999999999 38 42 8 42 35 20 42 999999999 999999999 5 999999999 0 19 22 38 10 40 19 19 9 7 21 49 1 28 7 8 26 34 2 999999999 29 35 31 46 
999999999 29 42 34 18 32 29 19 17 24 43 30 40 30 20 43 999999999 999999999 8 31 21 22 999999999 34 30 38 41 0 999999999 10 14 999999999 999999999 40 18 7 4 22 999999999 999999999 999999999 27 32 999999999 999999999 37 11 999999999 35 13 
45 999999999 3 36 35 21 15 999999999 11 15 999999999 8 999999999 999999999 21 20 999999999 999999999 17 3 40 32 16 40 15 43 43 26 0 40 11 999999999 45 33 999999999 13 13 34 999999999 36 999999999 42 30 999999999 4 1 999999999 23 999999999 999999999 
999999999 999999999 36 14 42 28 4 44 18 31 999999999 4 999999999 15 10 999999999 29 999999999 6 21 999999999 30 999999999 46 44 11 26 17 999999999 0 999999999 45 999999999 20 14 17 36 999999999 24 5 6 44 11 999999999 999999999 25 14 999999999 40 999999999 
40 999999999 12 21 16 10 28 18 50 999999999 31 999999999 14 43 999999999 18 36 37 47 999999999 999999999 44 48 999999999 40 21 42 999999999 29 999999999 0 44 2 999999999 7 24 39 3 28 999999999 14 26 15 50 37 8 999999999 41 15 999999999 
999999999 999999999 6 39 999999999 33 42 43 20 46 9 39 48 999999999 999999999 999999999 49 5 5 999999999 34 31 999999999 21 12 4 48 44 46 46 21 0 42 32 999999999 14 48 19 28 24 1 42 999999999 22 18 32 999999999 25 999999999 999999999 
33 5 48 23 44 999999999 22 999999999 999999999 18 999999999 48 999999999 36 33 43 6 20 17 48 22 43 13 999999999 41 48 32 33 999999999 10 11 23 0 46 999999999 999999999 47 24 999999999 30 42 12 16 24 999999999 36 31 13 41 999999999 
20 7 11 40 2 7 2 38 50 29 44 49 7 25 36 19 14 999999999 999999999 17 30 17 6 34 41 19 38 999999999 41 999999999 999999999 43 2 0 31 9 32 38 39 35 21 21 999999999 6 8 44 999999999 29 19 25 
1 13 20 999999999 4 18 21 44 999999999 17 18 999999999 41 999999999 42 1 50 32 999999999 999999999 33 999999999 43 999999999 45 36 999999999 3 999999999 47 43 15 19 38 0 42 999999999 999999999 39 999999999 999999999 999999999 2 999999999 9 22 2 45 32 18 
999999999 36 16 15 46 999999999 10 32 999999999 13 999999999 999999999 22 40 7 34 33 999999999 999999999 21 15 999999999 7 5 999999999 999999999 999999999 23 35 999999999 999999999 999999999 12 36 48 0 34 33 32 999999999 28 999999999 4 33 999999999 23 25 999999999 13 40 
13 3 17 22 12 999999999 45 44 999999999 999999999 999999999 44 999999999 4 42 30 43 33 29 45 999999999 25 20 999999999 999999999 22 24 999999999 999999999 37 8 999999999 21 6 4 10 0 999999999 999999999 999999999 50 17 16 3 5 48 3 30 24 19 
24 15 12 8 4 18 47 999999999 999999999 3 9 36 11 44 999999999 999999999 999999999 7 25 41 42 25 18 12 999999999 22 36 14 27 999999999 7 999999999 33 41 48 23 36 0 9 12 30 41 46 19 44 50 42 45 999999999 999999999 
27 19 18 999999999 30 999999999 999999999 18 999999999 20 30 999999999 10 22 37 48 12 19 29 999999999 5 43 32 999999999 43 30 28 39 1 999999999 24 38 28 999999999 5 18 999999999 30 0 6 999999999 35 20 1 17 35 37 37 45 44 
999999999 999999999 38 48 46 22 28 47 38 999999999 43 999999999 2 37 999999999 999999999 8 49 37 30 999999999 24 10 30 999999999 999999999 8 21 999999999 20 999999999 50 32 19 8 1 999999999 46 999999999 0 38 3 999999999 25 999999999 36 25 33 20 24 
33 4 999999999 16 7 50 999999999 31 999999999 31 999999999 13 999999999 12 36 999999999 25 999999999 44 999999999 999999999 17 15 999999999 26 999999999 30 38 999999999 999999999 9 28 49 6 999999999 5 22 9 10 6 0 44 999999999 5 999999999 999999999 3 19 999999999 50 
29 48 999999999 6 19 999999999 999999999 9 7 999999999 999999999 17 46 999999999 37 999999999 999999999 28 41 999999999 21 999999999 19 999999999 999999999 31 39 21 26 27 42 31 5 999999999 38 31 999999999 999999999 30 26 7 0 2 9 16 5 22 43 39 999999999 
41 25 999999999 999999999 46 4 50 48 11 4 999999999 26 999999999 5 999999999 3 999999999 999999999 15 18 28 27 3 33 999999999 17 15 46 33 999999999 8 49 50 32 15 11 999999999 19 30 2 40 23 0 42 999999999 23 29 999999999 30 999999999 
999999999 999999999 30 21 999999999 999999999 18 999999999 29 15 999999999 999999999 999999999 3 13 8 999999999 38 35 999999999 14 999999999 999999999 1 39 33 42 999999999 999999999 25 8 21 26 41 40 999999999 45 42 40 17 38 22 9 0 999999999 39 999999999 21 10 2 
999999999 39 2 22 23 9 35 999999999 41 38 17 18 999999999 999999999 999999999 999999999 7 38 33 47 25 999999999 999999999 38 999999999 21 43 47 999999999 9 38 50 22 24 999999999 39 47 41 9 49 999999999 46 43 11 0 2 999999999 44 12 999999999 
5 999999999 999999999 7 10 999999999 19 21 12 48 999999999 16 9 46 999999999 999999999 31 999999999 23 999999999 30 10 999999999 32 26 1 12 999999999 27 5 18 4 10 22 999999999 32 46 12 22 39 49 48 18 43 41 0 9 33 4 36 
30 999999999 46 999999999 20 999999999 999999999 38 26 28 41 20 47 16 13 40 24 999999999 13 25 32 2 999999999 999999999 17 999999999 999999999 6 999999999 999999999 49 999999999 999999999 49 45 50 33 35 999999999 999999999 22 11 10 999999999 14 999999999 0 999999999 2 38 
999999999 999999999 34 20 18 35 13 42 999999999 17 47 3 18 36 14 15 999999999 46 12 38 999999999 31 23 999999999 50 32 1 45 42 21 999999999 999999999 26 999999999 999999999 999999999 20 23 999999999 28 44 999999999 17 999999999 30 999999999 27 0 1 8 
45 36 44 999999999 999999999 18 30 12 10 999999999 2 999999999 999999999 999999999 26 49 16 18 999999999 9 38 48 999999999 40 999999999 999999999 999999999 39 17 5 16 39 999999999 999999999 999999999 39 33 2 999999999 999999999 25 999999999 5 24 999999999 48 17 2 0 40 
11 12 999999999 999999999 11 33 999999999 35 999999999 17 38 3 3 999999999 40 39 999999999 40 999999999 3 999999999 43 6 28 19 7 999999999 19 1 999999999 9 999999999 999999999 45 40 999999999 999999999 999999999 50 31 18 999999999 999999999 16 31 10 999999999 20 999999999 0 
