30
0 14 5 21 8 7 16 2 8 999999999 8 999999999 999999999 22 20 3 999999999 999999999 999999999 13 13 14 999999999 2 7 17 999999999 999999999 22 24 
24 0 999999999 999999999 13 999999999 30 6 16 999999999 999999999 999999999 22 3 999999999 7 14 18 20 26 7 999999999 999999999 9 13 999999999 7 999999999 999999999 4 
24 999999999 0 9 22 999999999 23 999999999 24 30 28 999999999 24 999999999 17 7 999999999 15 22 26 999999999 999999999 999999999 24 999999999 4 999999999 4 20 999999999 
28 999999999 11 0 23 19 13 999999999 19 26 11 16 8 2 10 999999999 4 19 9 11 999999999 999999999 29 11 16 999999999 999999999 13 28 30 
999999999 16 29 27 0 29 21 999999999 26 17 17 23 23 26 999999999 12 3 17 7 999999999 999999999 999999999 18 4 14 29 999999999 26 999999999 5 
24 18 4 17 13 0 16 16 5 999999999 9 7 999999999 999999999 5 13 999999999 12 16 28 4 4 6 30 7 999999999 999999999 28 9 999999999 
10 18 12 999999999 999999999 14 0 999999999 18 999999999 24 23 14 22 27 999999999 20 999999999 999999999 6 4 2 6 24 999999999 999999999 999999999 999999999 3 3 
22 18 999999999 18 999999999 13 4 0 999999999 4 999999999 15 30 999999999 14 12 999999999 16 2 999999999 14 24 20 999999999 999999999 4 999999999 11 18 3 
999999999 12 999999999 26 999999999 999999999 12 5 0 21 1 999999999 1 14 999999999 21 999999999 10 26 999999999 999999999 3 999999999 12 999999999 18 999999999 17 27 15 
13 8 8 8 15 16 17 5 3 0 999999999 6 10 21 17 4 999999999 16 10 8 5 19 999999999 3 999999999 5 999999999 999999999 23 17 
9 999999999 27 12 999999999 11 5 999999999 17 21 0 6 28 999999999 13 23 20 999999999 999999999 4 3 20 28 13 30 25 3 11 27 23 
21 7 4 6 6 999999999 29 10 28 999999999 999999999 0 999999999 7 999999999 999999999 23 9 12 9 2 17 28 23 14 5 14 28 11 999999999 
2 999999999 999999999 999999999 23 999999999 1 6 999999999 7 14 1 0 2 22 8 28 999999999 15 11 999999999 999999999 22 17 999999999 14 12 999999999 25 7 
14 999999999 999999999 27 5 23 1 26 17 999999999 28 24 28 0 3 10 18 8 21 22 20 13 15 6 30 10 9 999999999 12 999999999 
12 29 999999999 999999999 999999999 999999999 26 999999999 15 25 28 24 999999999 3 0 999999999 999999999 8 20 999999999 6 4 999999999 21 18 13 999999999 999999999 10 999999999 
26 999999999 21 19 999999999 15 15 6 999999999 21 999999999 999999999 28 24 11 0 2 20 2 999999999 11 28 19 21 999999999 26 999999999 999999999 5 15 
17 999999999 999999999 14 999999999 26 25 22 1 6 999999999 30 3 999999999 13 17 0 17 24 30 999999999 999999999 999999999 24 999999999 9 999999999 999999999 999999999 27 
29 18 999999999 8 12 999999999 26 3 999999999 16 999999999 999999999 1 30 999999999 999999999 999999999 0 16 24 999999999 27 999999999 26 999999999 1 13 999999999 6 27 
23 18 23 999999999 999999999 26 4 14 16 999999999 26 11 22 999999999 5 999999999 4 16 0 20 26 26 24 999999999 28 999999999 999999999 999999999 999999999 25 
20 10 1 3 999999999 22 999999999 999999999 999999999 999999999 999999999 999999999 23 21 999999999 9 10 13 15 0 25 18 10 21 3 21 17 999999999 999999999 3 
9 12 24 18 10 9 999999999 999999999 3 19 25 12 15 26 30 18 15 30 999999999 24 0 26 15 999999999 7 30 17 26 1 16 
11 2 999999999 21 10 13 10 999999999 2 28 999999999 4 999999999 23 30 3 11 12 24 5 28 0 999999999 8 13 3 30 999999999 15 4 
999999999 999999999 19 14 30 15 999999999 999999999 24 25 999999999 28 999999999 5 15 11 6 999999999 12 2 26 28 0 999999999 18 999999999 16 21 22 10 
4 11 29 26 16 999999999 25 14 999999999 14 999999999 11 999999999 999999999 999999999 30 999999999 5 999999999 21 21 999999999 7 0 21 17 19 999999999 8 19 
10 21 999999999 10 26 2 4 999999999 999999999 999999999 27 20 5 19 5 25 25 29 999999999 999999999 27 999999999 22 28 0 999999999 5 24 4 999999999 
22 29 5 11 23 29 25 5 999999999 999999999 2 5 30 999999999 24 16 6 4 26 999999999 27 7 999999999 7 25 0 7 999999999 6 22 
999999999 7 6 27 27 16 28 28 10 999999999 20 999999999 13 10 999999999 8 4 28 999999999 999999999 29 2 30 6 22 14 0 23 999999999 999999999 
999999999 4 27 999999999 999999999 22 15 999999999 7 6 999999999 1 29 24 19 999999999 4 999999999 11 999999999 999999999 22 13 999999999 30 4 15 0 999999999 19 
23 22 999999999 24 14 999999999 7 6 999999999 999999999 19 999999999 19 12 999999999 999999999 9 999999999 21 5 999999999 999999999 9 5 25 999999999 6 3 0 27 
27 999999999 19 27 999999999 26 4 6 999999999 11 19 999999999 999999999 4 999999999 2 28 999999999 999999999 4 16 15 10 28 999999999 999999999 6 7 999999999 0 
